2000 10 512 20 0
72	74	91	49	71	94	29	19	58	4
60	49	91	48	25	58	63	91	38	18
91	45	13	76	86	53	91	92	6	6
89	48	52	94	21	30	19	4	91	46
32	11	71	97	16	28	64	1	46	5
12	2	71	60	84	69	72	82	29	33
1	93	80	57	62	1	7	90	91	13
87	69	54	53	80	32	53	94	4	19
80	84	50	82	23	80	82	48	62	12
21	82	9	2	42	43	69	25	60	15
23	14	64	51	58	32	22	20	49	58
34	33	94	56	21	78	27	85	60	42
71	77	29	76	86	42	56	55	93	60
73	55	25	4	65	7	63	40	68	46
67	17	24	50	7	58	72	87	26	31
47	86	7	49	85	90	99	38	55	52
39	82	70	10	26	67	4	85	25	33
16	54	94	73	68	53	68	91	35	65
4	21	85	18	10	73	19	38	94	4
95	21	72	68	66	80	43	90	78	51
51	52	8	36	51	37	31	21	71	20
31	31	26	58	76	11	50	34	87	41
10	22	65	23	68	18	31	65	68	84
11	94	16	73	7	16	52	17	64	79
89	29	76	97	85	38	85	33	3	78
2	20	67	85	11	97	58	45	21	82
92	2	58	73	63	20	23	59	9	88
69	47	61	27	27	48	24	38	47	23
73	77	87	33	65	7	81	32	29	85
11	76	2	94	98	36	97	15	89	31
72	46	75	1	18	13	75	68	17	68
36	11	51	9	5	20	94	88	2	20
77	6	39	9	97	73	3	12	58	70
39	33	4	95	83	21	80	100	48	21
87	50	27	59	84	31	76	81	26	69
72	97	61	73	23	38	30	68	24	93
22	59	87	78	90	57	50	28	15	87
37	99	10	58	1	9	47	42	48	65
11	2	70	96	55	42	34	9	68	87
74	90	81	69	96	16	97	89	68	34
89	74	59	99	96	38	5	72	80	8
50	54	34	70	86	97	99	58	51	71
55	49	80	43	38	60	15	6	10	91
60	91	54	35	82	48	68	40	4	73
97	8	13	60	15	27	17	76	38	2
42	70	75	99	27	67	58	31	42	55
87	45	96	83	9	52	13	88	19	67
55	70	64	92	11	38	52	22	45	87
11	72	47	3	63	49	9	61	70	60
97	42	9	14	26	53	42	20	78	80
60	56	82	1	5	68	90	39	21	13
70	14	90	27	98	38	34	56	39	80
9	44	29	41	60	77	14	70	40	42
3	6	61	9	9	34	9	50	56	57
45	91	39	40	61	24	58	86	24	50
93	65	5	3	87	46	94	52	52	3
12	44	53	100	84	56	1	4	40	21
66	27	92	23	79	70	20	45	35	74
22	12	54	7	17	35	16	66	13	99
55	79	49	91	83	27	89	95	42	77
93	91	3	10	37	100	93	23	80	28
60	72	1	40	33	56	59	17	31	43
21	83	18	85	38	75	47	21	52	51
7	42	28	55	3	64	22	29	50	51
67	89	28	31	4	86	88	6	56	26
39	30	79	93	13	58	67	53	78	39
66	25	22	42	82	5	31	41	81	73
6	81	17	94	67	71	86	94	49	53
37	91	74	14	49	75	7	17	88	20
37	42	39	1	11	9	3	6	74	9
1	37	74	68	84	49	53	22	62	62
16	98	64	76	22	20	15	6	61	62
35	18	16	90	30	21	31	46	30	91
12	57	60	40	85	72	30	22	51	69
80	3	54	38	55	29	74	38	68	21
70	43	93	19	46	51	60	97	69	67
10	45	73	99	12	2	82	67	43	47
9	77	80	83	31	52	33	56	99	55
18	56	55	25	11	18	28	10	21	96
46	71	24	88	42	24	44	33	20	79
21	99	63	31	60	16	78	73	44	17
4	3	14	34	87	28	60	64	100	96
5	22	2	54	1	12	36	31	3	72
84	24	58	59	66	69	20	57	21	92
72	67	7	2	93	30	11	36	40	12
28	29	50	13	86	51	99	21	100	91
52	74	13	3	44	72	70	89	70	75
16	24	8	49	62	81	39	66	29	57
6	5	73	10	47	6	64	48	11	33
75	55	71	64	40	74	17	28	2	91
2	1	27	38	2	46	86	79	55	32
34	43	92	20	28	43	97	63	72	53
70	72	34	28	83	83	10	46	65	48
77	54	84	79	30	76	46	18	20	93
29	88	54	12	9	43	90	60	53	26
51	67	77	93	65	95	67	19	45	59
65	78	41	92	90	9	71	14	20	92
59	53	81	98	90	97	15	51	93	62
15	32	13	76	4	24	60	84	94	67
10	9	35	54	85	3	56	78	72	42
47	65	14	62	8	62	78	33	76	84
46	99	89	55	35	83	58	88	99	60
90	68	28	35	24	89	31	78	58	92
39	28	55	18	20	53	17	28	91	71
31	2	16	91	94	19	25	97	16	79
35	24	68	6	14	37	18	32	70	27
69	26	66	77	79	80	62	89	63	81
22	24	6	98	96	5	96	5	15	31
63	8	32	54	87	58	52	80	94	13
81	30	89	76	76	96	50	98	8	65
37	62	25	1	12	52	27	28	44	68
41	82	45	47	4	2	40	21	88	83
65	40	75	67	25	32	7	64	14	32
95	41	35	82	81	34	97	78	73	78
99	91	12	22	90	5	11	32	36	45
18	71	82	22	93	91	100	42	12	96
18	36	8	87	20	67	32	10	18	100
77	5	96	91	68	14	95	52	92	43
75	95	22	42	60	82	25	42	29	5
32	64	92	30	49	50	25	65	7	33
100	2	9	34	56	49	65	100	94	87
73	46	55	55	43	59	34	59	76	51
64	18	81	51	2	74	91	22	8	13
1	35	21	93	84	30	7	44	27	24
36	46	2	79	74	53	17	57	59	74
56	1	24	29	67	87	71	84	52	47
38	3	94	35	33	11	36	93	49	65
74	39	30	90	31	17	32	16	24	80
36	99	72	15	13	90	81	9	84	72
27	71	11	96	51	38	87	48	98	3
58	21	51	53	98	86	56	81	52	41
63	5	58	23	67	11	61	70	39	96
22	8	4	95	28	7	83	70	54	12
54	100	11	21	10	22	45	98	64	63
18	30	70	18	17	75	48	58	70	4
91	31	84	36	36	52	90	58	13	9
62	52	67	80	54	67	80	12	32	3
99	82	96	94	68	72	33	56	30	31
15	19	28	92	85	1	34	87	18	55
77	88	49	38	12	34	82	58	29	79
63	68	24	60	43	16	53	31	94	47
21	76	37	18	49	69	44	27	96	3
10	71	29	40	3	69	93	82	44	7
14	16	63	48	51	68	5	65	21	18
11	6	99	100	92	1	36	25	72	93
81	22	41	67	33	87	46	95	46	13
42	54	64	38	79	47	95	9	54	82
85	52	18	64	58	96	10	27	6	99
65	36	21	28	6	75	97	92	16	11
62	31	7	71	82	27	31	64	32	56
94	94	87	33	92	63	38	23	49	50
2	90	8	100	93	13	88	76	83	77
2	91	69	55	37	43	15	99	38	35
94	42	44	43	38	92	62	59	24	35
93	27	99	17	29	98	62	34	36	50
63	69	81	58	83	49	83	71	35	42
39	76	30	71	95	8	95	23	54	51
83	43	86	78	19	23	44	58	52	19
56	50	41	12	13	23	3	24	10	83
81	82	70	95	19	71	89	51	21	31
74	8	64	36	96	8	58	38	27	22
37	28	66	100	49	63	35	99	45	23
50	78	19	30	2	28	50	10	86	2
11	1	2	23	28	8	42	63	84	71
79	28	68	6	69	30	92	66	67	81
64	53	36	7	21	75	65	54	4	42
26	36	92	45	84	26	40	36	2	92
15	8	68	8	66	4	8	32	19	58
24	2	57	7	21	91	17	10	63	70
72	5	61	79	12	61	8	30	30	46
6	41	70	31	74	20	47	41	18	88
72	53	36	36	47	14	69	84	71	93
65	63	66	18	64	26	42	16	42	62
56	46	78	24	91	87	7	51	17	99
84	64	97	99	7	85	65	13	16	86
69	90	54	13	7	81	40	52	35	82
94	15	89	30	28	91	61	62	44	97
35	6	76	30	6	4	44	88	6	68
38	54	49	35	12	6	68	9	43	62
50	91	49	94	52	86	94	69	15	5
54	1	31	41	22	22	37	16	13	99
17	24	85	57	91	74	89	67	71	53
20	23	81	90	94	73	13	80	51	73
17	84	93	71	5	85	2	86	30	82
69	67	39	89	56	73	10	92	72	94
49	82	51	21	65	89	53	41	38	93
70	87	44	50	63	96	69	56	73	42
35	63	30	78	58	80	39	48	57	8
5	67	72	76	36	38	50	17	86	26
68	65	18	56	98	86	68	92	12	1
90	53	15	94	4	69	40	79	91	8
20	65	56	49	29	52	95	48	24	24
48	94	57	37	79	86	4	67	2	95
57	23	39	22	71	21	47	23	30	39
58	74	68	18	80	29	36	71	94	82
92	99	1	90	57	27	82	96	90	67
31	19	93	21	48	96	45	92	83	75
87	2	28	16	32	79	81	95	7	77
75	98	7	3	24	68	44	43	89	38
35	21	66	25	38	89	67	100	53	46
90	82	88	39	25	8	77	43	81	77
90	73	37	74	57	3	21	90	87	87
85	90	33	68	87	100	11	47	70	88
89	35	100	26	67	39	88	42	42	42
89	68	24	24	88	82	20	18	25	34
20	19	61	39	67	74	17	56	10	34
39	99	6	10	10	1	48	80	86	57
72	88	74	11	68	32	86	40	38	63
92	59	24	99	33	45	30	46	56	7
79	7	79	73	47	67	58	82	25	59
96	25	41	88	5	8	70	83	28	14
26	78	28	77	47	24	75	73	12	94
3	61	46	28	84	99	67	36	89	99
34	20	18	43	31	73	2	31	97	3
58	43	73	92	55	22	10	34	47	68
38	11	29	17	33	38	61	10	64	3
67	18	33	41	48	68	38	46	31	17
37	12	89	55	94	80	88	12	45	17
81	91	22	70	62	8	49	11	95	70
47	12	79	43	59	55	21	23	87	11
3	44	69	20	21	56	17	70	17	48
95	70	100	74	8	46	34	39	24	35
46	44	28	3	10	3	79	75	76	25
7	99	13	11	88	80	93	16	56	40
59	82	93	96	10	68	50	33	77	62
73	84	51	59	94	71	60	83	4	70
7	31	64	93	8	62	22	19	18	79
80	58	35	80	24	24	41	22	51	66
77	63	29	16	2	9	40	58	25	64
18	44	72	3	3	10	16	67	18	63
20	64	2	7	87	97	12	62	1	46
100	29	79	69	49	23	11	13	43	4
1	86	57	17	85	33	83	58	67	42
12	14	78	82	8	71	15	80	31	34
82	3	14	70	55	57	93	77	93	36
60	5	19	86	43	11	7	42	3	79
67	56	37	54	45	9	55	50	32	66
22	68	9	5	58	18	82	26	34	55
36	56	45	87	67	20	46	85	8	87
44	25	61	18	8	12	36	50	6	58
17	40	9	14	87	2	64	10	75	90
90	35	33	40	91	6	92	39	75	94
71	35	90	77	22	64	90	84	80	2
29	87	35	65	40	85	36	47	84	21
64	16	91	46	93	91	36	77	63	43
26	20	24	36	75	78	5	97	33	72
84	85	44	29	8	4	54	44	33	21
22	44	57	39	20	83	42	93	21	4
77	3	76	86	92	49	33	90	52	12
91	51	21	14	38	83	1	38	96	2
67	14	20	80	41	63	88	45	95	74
3	30	2	68	21	22	20	57	67	18
37	39	93	17	10	74	54	70	46	97
23	19	99	68	18	64	27	61	6	23
21	4	32	31	61	74	46	100	70	59
46	22	43	70	21	95	10	46	68	60
78	24	80	23	2	96	63	28	1	22
56	14	71	72	14	93	11	69	39	58
93	57	13	29	54	33	98	25	74	42
67	100	18	96	55	1	60	58	47	32
76	23	70	2	85	93	34	84	9	4
61	21	13	50	24	9	35	35	51	94
86	5	87	49	9	17	87	74	15	65
40	66	44	44	27	2	32	18	67	94
9	85	1	77	86	39	38	95	95	63
54	72	81	20	95	94	38	10	64	30
100	30	11	79	49	30	52	14	60	47
97	49	60	97	18	48	99	73	5	7
59	50	7	53	73	15	95	63	38	74
80	80	91	69	8	18	6	23	61	100
92	16	88	27	27	43	91	93	14	3
49	53	55	63	19	1	52	89	98	81
16	56	27	48	100	33	66	9	71	57
69	27	42	10	36	5	4	2	15	13
99	92	90	40	86	22	10	5	82	60
56	4	86	58	34	42	83	75	91	41
66	63	38	87	51	87	87	56	87	26
24	60	51	17	92	36	93	49	60	3
13	3	57	48	72	99	17	45	58	44
95	54	33	78	74	2	54	64	22	16
25	68	3	17	92	31	85	58	46	100
71	7	17	35	13	41	58	16	35	19
49	59	70	97	11	45	52	79	81	87
19	15	32	57	73	35	2	38	28	52
17	23	25	38	43	53	13	44	6	99
97	79	7	97	76	68	25	77	49	24
90	64	40	30	18	90	41	22	26	27
66	53	14	82	8	29	65	23	67	81
28	22	89	31	14	32	69	94	13	18
6	34	86	21	2	6	92	93	97	57
90	3	8	68	67	8	93	8	65	84
34	2	43	34	27	22	3	66	22	95
86	44	10	91	56	1	55	11	27	40
21	70	100	81	19	68	7	14	3	94
56	37	41	44	76	81	80	82	99	14
97	48	11	49	57	91	50	61	25	88
84	96	58	44	63	29	40	1	68	94
17	3	2	20	64	49	19	65	47	87
3	50	40	81	10	34	60	65	12	60
73	25	21	38	20	36	29	30	98	78
63	61	42	40	33	14	26	14	74	13
7	54	18	11	99	84	77	34	17	20
92	41	34	35	58	58	1	23	23	9
26	80	36	75	7	57	67	60	1	10
54	45	76	31	7	5	14	78	13	41
86	84	3	15	84	74	87	98	1	48
63	71	55	38	10	36	93	61	70	4
99	93	23	38	84	60	65	39	1	41
39	96	29	13	78	75	74	63	23	17
5	39	68	100	74	35	23	68	54	87
65	100	73	98	71	42	89	47	22	97
34	86	81	20	60	59	7	90	60	37
8	90	12	36	45	17	94	28	18	42
37	83	96	83	68	87	70	21	37	30
59	4	69	2	21	4	74	4	58	91
87	100	22	48	64	17	95	52	37	77
89	96	52	97	65	11	1	38	96	71
63	80	64	17	38	64	80	99	16	85
23	98	58	13	100	1	52	65	1	6
34	89	41	39	4	25	4	43	13	71
38	92	93	51	63	31	85	86	72	2
90	96	42	35	25	4	59	61	20	95
83	18	94	57	6	87	69	90	61	2
39	80	87	40	40	2	48	92	72	18
15	41	39	35	62	7	56	12	31	13
36	74	27	82	93	5	76	14	28	57
14	37	43	74	71	62	30	47	44	32
60	12	72	25	66	7	33	94	84	59
80	81	43	24	100	57	33	72	36	31
5	42	61	33	56	92	91	55	27	99
30	49	98	56	40	3	69	17	88	23
18	37	14	11	47	94	89	70	85	35
86	75	66	18	54	7	22	97	41	59
13	9	76	7	1	79	75	18	55	97
46	65	4	64	62	79	57	81	22	100
13	93	64	66	28	39	56	61	28	72
40	30	34	53	99	31	41	40	75	78
44	81	63	55	53	26	56	95	75	7
11	95	94	24	80	48	55	64	16	65
66	44	19	8	50	93	83	39	53	55
9	72	71	12	25	50	64	10	84	36
88	100	85	49	1	63	85	79	32	95
25	22	33	91	62	42	85	61	58	86
80	16	19	32	66	100	86	26	86	66
11	91	92	61	3	75	43	3	7	23
46	6	46	50	87	62	15	20	32	95
15	87	83	17	73	55	31	74	64	82
13	55	7	79	91	20	31	69	43	37
75	54	100	54	59	28	49	50	42	5
94	57	82	38	81	25	6	18	56	18
47	60	20	14	65	41	11	45	57	59
99	25	81	22	17	92	39	100	23	22
77	25	24	66	66	45	1	88	85	14
42	54	58	68	20	50	100	84	32	32
71	21	60	69	6	87	64	99	19	22
70	86	57	17	72	50	21	37	24	73
10	3	95	76	4	57	85	30	14	69
63	22	91	87	1	24	91	95	73	79
99	21	73	42	72	84	32	45	1	74
93	31	63	34	34	74	50	65	42	15
54	37	57	86	21	17	52	14	37	74
96	32	27	18	24	64	54	98	99	17
49	25	17	78	1	92	8	28	22	78
86	36	81	86	64	24	95	40	2	70
13	26	51	73	5	78	58	67	20	92
51	36	33	75	75	7	82	68	38	95
36	95	67	84	36	10	57	33	15	94
50	30	46	44	6	80	64	21	49	43
12	28	67	64	81	65	60	24	32	62
43	98	84	64	29	29	41	64	99	3
82	14	75	61	19	99	10	79	48	12
42	37	5	67	48	34	69	45	13	85
9	75	40	50	82	35	12	76	81	84
76	34	62	48	16	52	45	47	21	45
64	82	56	78	8	38	98	71	18	89
87	98	36	60	32	76	37	17	17	58
65	14	24	55	47	31	67	70	19	71
32	16	69	79	19	69	51	85	5	59
67	10	71	71	88	19	93	43	92	14
47	44	35	59	11	74	91	40	50	41
35	12	20	52	47	96	48	1	96	16
20	75	19	92	21	52	3	13	3	20
18	43	14	50	37	97	70	75	74	49
86	97	46	56	33	28	71	55	65	24
3	32	43	42	15	22	18	12	81	58
9	55	11	63	75	66	67	11	82	89
93	85	70	32	1	53	30	27	34	14
15	4	57	30	95	26	15	82	54	100
42	28	98	29	49	39	30	83	93	6
67	22	95	35	65	17	94	25	90	8
90	75	13	74	57	13	66	18	25	28
34	50	24	52	29	72	3	94	53	37
60	28	12	69	20	8	92	85	69	31
85	42	39	57	61	60	90	36	57	68
84	52	69	97	65	32	88	62	2	26
54	1	99	7	67	83	52	55	28	2
8	98	13	94	93	41	48	66	32	79
26	35	24	74	15	13	93	68	49	12
30	64	60	96	48	60	84	37	98	31
38	38	73	11	81	1	57	24	26	5
52	24	92	8	82	13	10	72	7	85
63	26	87	80	67	81	86	32	98	41
94	72	23	28	52	84	46	57	38	65
80	43	46	39	75	42	9	85	7	17
38	36	2	46	87	1	3	86	66	4
100	17	31	91	35	25	42	94	96	81
12	35	20	57	40	37	62	52	64	50
94	56	61	7	37	41	58	57	4	84
68	60	20	70	49	69	18	45	7	35
88	18	83	100	18	2	62	75	31	20
61	9	73	77	14	13	75	85	2	4
14	26	27	82	15	78	22	29	82	53
81	23	12	76	92	64	18	85	16	25
75	50	74	32	34	3	98	50	63	14
10	44	87	17	58	35	77	95	78	58
11	33	83	95	26	18	81	3	90	67
24	73	77	29	90	89	96	46	61	22
2	32	34	27	27	89	56	58	55	61
5	50	17	59	50	31	85	82	27	22
78	67	20	25	77	72	53	91	40	64
78	66	64	50	70	31	88	78	48	17
85	52	77	84	73	84	61	23	7	72
100	34	46	57	76	26	54	61	27	48
85	78	32	52	9	33	44	87	59	30
3	20	94	46	53	9	77	36	86	59
57	6	22	44	15	42	58	6	81	64
51	26	95	90	84	78	83	41	57	94
19	65	56	1	60	82	13	74	94	14
7	94	27	56	35	6	42	9	50	91
98	39	98	71	89	96	71	46	73	81
64	54	61	16	65	31	42	54	61	80
18	100	48	81	61	38	25	5	21	81
33	33	14	64	61	20	39	20	83	81
29	5	28	61	88	95	34	14	33	29
23	44	67	27	99	73	95	26	78	40
73	79	92	31	12	31	42	46	10	38
19	23	53	18	13	62	43	89	20	75
49	92	83	72	52	82	66	95	60	4
17	92	21	82	6	56	36	59	54	6
99	45	20	11	19	94	22	2	42	30
57	40	100	62	23	49	2	84	100	22
12	52	21	43	94	83	16	77	2	28
94	49	100	41	70	49	64	91	14	40
30	84	77	88	72	65	68	33	46	16
57	97	45	27	87	36	25	35	62	66
40	93	78	15	21	55	60	59	46	96
72	47	72	5	30	14	70	4	13	42
96	87	96	67	15	32	92	70	24	53
16	42	90	31	96	18	91	48	4	49
51	13	97	99	52	15	91	43	53	67
100	12	69	36	96	16	11	50	65	46
18	54	54	28	60	25	22	79	25	64
39	98	7	34	34	18	32	84	72	74
41	41	46	4	39	8	8	73	14	72
35	87	54	91	54	56	37	24	90	85
59	92	61	91	8	71	87	75	37	84
53	52	94	19	28	42	60	75	40	24
22	61	86	92	93	20	34	64	16	59
56	47	89	29	45	5	81	20	97	17
40	1	85	58	44	57	47	73	15	8
6	52	49	32	64	69	29	45	18	45
69	77	98	97	66	92	27	1	42	11
57	79	10	82	78	35	81	91	44	5
20	46	51	2	94	64	50	50	2	51
96	31	40	70	93	52	100	53	32	93
63	26	60	80	41	14	89	97	25	79
89	47	23	9	6	74	90	78	89	66
11	94	9	93	78	12	68	19	63	29
65	37	30	6	97	42	22	12	27	81
38	58	7	16	40	29	7	72	17	13
84	86	41	51	29	2	62	77	98	19
92	39	88	63	20	33	67	75	69	42
53	1	89	66	62	38	67	18	10	59
54	88	25	31	22	56	70	97	62	30
66	47	2	59	69	29	94	98	45	32
50	67	8	34	63	92	36	83	66	88
71	71	57	36	22	90	70	18	60	2
35	90	84	31	87	41	8	38	6	5
14	91	44	99	14	43	20	98	59	31
11	8	86	88	34	38	77	6	10	46
35	49	48	98	57	72	89	45	60	19
85	52	33	72	20	20	18	79	54	39
73	26	42	73	29	27	40	19	51	100
65	7	19	74	31	5	19	88	21	59
47	84	35	17	2	3	11	29	21	56
78	52	46	61	78	53	43	52	70	60
40	27	88	78	44	31	96	53	67	8
100	75	17	82	54	29	75	46	51	21
74	66	70	95	42	91	66	20	65	5
85	32	75	35	7	97	13	61	91	3
77	7	64	84	74	43	72	66	31	24
4	24	94	100	15	38	99	32	67	84
78	99	71	65	59	12	60	30	65	45
75	43	98	44	78	29	94	17	33	24
29	5	82	43	39	21	1	51	29	67
26	4	49	86	73	83	76	55	61	32
73	51	20	35	25	25	46	13	69	34
28	57	45	51	91	54	100	37	88	98
24	20	39	93	96	98	80	18	76	34
50	13	10	72	38	28	64	28	49	24
54	21	39	11	47	4	59	41	41	96
50	71	87	55	93	29	89	15	26	92
58	93	39	48	13	38	14	57	12	54
38	33	55	64	44	35	14	36	55	43
42	65	27	13	19	19	79	91	67	77
20	27	24	38	53	40	31	10	28	71
67	61	82	88	28	42	100	67	75	69
27	3	81	77	52	72	74	33	77	38
91	16	58	3	32	43	60	77	74	84
17	28	100	83	57	96	12	41	94	83
26	76	63	96	89	8	10	70	63	57
61	56	45	7	12	47	53	53	14	78
100	90	79	89	51	95	63	87	67	47
66	15	12	26	84	20	74	25	46	56
96	62	77	93	10	6	32	89	22	45
59	100	85	85	40	93	100	24	97	16
3	42	52	61	85	82	10	55	10	34
42	90	13	41	49	13	35	36	67	28
46	52	10	57	19	74	36	91	67	34
52	96	100	64	41	36	4	87	29	72
58	35	97	5	43	3	89	63	93	75
34	23	7	60	70	39	78	78	49	53
51	88	1	92	35	42	49	52	63	44
19	12	67	59	24	77	31	47	56	79
41	95	24	10	70	70	76	48	69	9
34	86	23	40	29	92	32	14	27	78
29	38	80	12	59	10	9	26	71	27
28	20	6	84	51	1	76	81	11	25
28	68	78	84	52	83	43	40	24	78
60	4	35	91	65	76	2	81	48	24
95	41	80	29	55	5	71	74	33	20
71	15	59	76	12	58	68	78	22	61
38	85	47	32	80	33	58	90	96	82
49	38	36	55	42	66	42	57	52	91
7	13	1	58	86	43	75	16	95	90
32	9	89	85	28	84	48	10	82	39
40	2	100	33	34	52	34	1	69	41
6	48	29	46	31	93	68	36	51	59
30	97	82	32	53	38	25	58	78	80
51	61	53	79	73	30	40	35	57	86
17	59	9	4	86	6	57	93	46	49
56	74	23	59	79	64	37	96	72	77
9	23	75	67	40	33	37	23	5	20
5	45	68	32	54	64	86	53	65	70
5	24	56	68	99	28	28	10	30	91
30	29	9	35	61	39	40	29	96	78
73	90	49	18	62	5	52	13	5	27
92	81	43	66	89	74	61	37	88	97
13	9	14	4	53	87	41	31	48	19
33	2	81	84	33	24	5	56	15	91
71	11	61	5	18	63	96	70	27	100
76	61	40	88	95	29	25	80	16	79
93	28	82	67	37	61	58	39	68	8
32	85	97	94	96	57	98	92	29	77
86	13	50	7	53	41	12	49	24	19
4	13	78	82	96	49	67	35	87	76
39	88	62	84	83	91	11	3	2	2
98	27	45	21	28	42	10	82	78	26
16	68	74	24	39	41	51	21	3	92
7	70	91	94	26	34	86	60	55	44
92	83	50	20	93	20	14	77	43	67
95	35	74	49	17	79	41	89	57	91
4	32	95	39	2	7	19	55	43	90
1	38	96	35	28	51	31	44	63	28
43	48	63	11	38	69	37	49	40	29
77	96	59	13	12	14	75	54	40	14
68	16	77	98	47	16	13	30	99	59
1	83	53	52	77	66	59	64	56	4
60	22	84	70	22	84	57	77	55	40
79	32	23	96	52	43	78	40	78	33
74	9	63	19	44	32	78	26	78	48
36	14	74	91	37	84	93	89	55	72
89	95	92	9	89	95	56	49	44	89
81	24	90	97	91	13	88	22	6	71
82	91	96	15	50	82	40	96	97	65
79	59	51	24	69	42	16	53	71	98
9	45	20	92	81	58	51	10	85	25
88	61	68	63	90	72	77	41	87	18
72	12	75	96	87	51	53	8	85	91
32	52	65	62	57	70	82	29	61	11
51	33	77	40	17	29	62	63	35	9
9	44	7	32	37	32	93	71	92	94
63	70	80	5	93	57	58	58	69	48
97	27	84	48	24	89	95	55	16	65
68	97	55	49	66	26	45	13	34	3
61	95	33	74	42	16	16	10	26	32
24	73	89	13	20	12	38	46	50	50
22	89	100	25	36	98	75	28	50	50
30	72	47	57	68	36	40	5	90	49
97	29	72	27	77	7	96	45	6	82
98	83	84	64	64	51	44	38	99	81
83	6	87	68	5	89	46	61	59	26
74	62	9	100	34	30	18	80	32	21
51	56	33	72	36	66	72	32	13	80
65	83	73	39	10	96	30	98	87	46
28	42	98	35	60	97	30	11	21	39
40	93	81	91	79	64	32	61	2	75
10	49	77	88	2	78	29	9	43	53
6	6	39	67	27	63	43	11	10	72
75	55	21	67	23	68	68	81	43	18
98	8	46	55	29	86	93	59	84	73
39	24	9	34	99	98	82	89	46	99
79	28	64	29	56	51	7	81	52	48
25	55	47	40	46	92	97	94	33	10
34	60	71	29	68	61	51	71	82	39
96	58	3	23	54	76	39	74	3	2
24	84	36	96	98	59	68	9	78	8
21	27	43	26	50	98	3	79	8	72
85	26	61	40	30	98	35	80	23	23
10	79	67	40	7	70	22	35	92	90
76	94	59	92	9	71	98	6	38	82
29	54	71	21	6	11	76	99	28	23
39	52	34	44	90	46	81	28	21	57
9	47	3	65	25	47	43	20	92	49
17	71	69	71	20	50	28	97	47	52
3	96	29	51	1	72	77	77	57	79
51	85	38	14	21	85	91	17	42	79
49	75	48	52	70	31	25	52	49	61
60	99	26	6	64	39	36	71	83	85
69	71	54	95	63	75	13	86	90	50
74	97	40	5	95	11	29	86	18	28
27	25	21	64	17	91	43	63	63	43
65	21	71	15	73	46	62	80	26	75
62	24	19	78	98	25	95	75	69	43
25	48	100	84	3	78	11	89	42	82
62	87	66	1	28	48	81	49	5	61
36	18	34	13	57	67	16	7	24	3
28	85	75	91	88	35	52	38	78	25
39	91	20	9	40	36	100	15	14	22
12	28	55	10	97	30	33	63	95	76
59	65	45	61	60	10	89	81	79	38
47	78	33	72	81	80	31	23	89	46
65	100	32	47	78	19	14	71	60	81
16	42	37	66	81	35	16	2	30	93
18	63	90	32	43	21	59	1	1	23
81	9	64	50	42	76	85	1	47	87
3	72	90	53	28	60	81	32	2	68
51	53	18	81	65	29	64	92	43	90
65	24	19	97	89	30	27	68	40	75
49	16	92	50	62	100	100	53	94	41
41	41	74	4	66	22	85	41	29	35
18	1	73	79	34	84	41	34	32	50
19	37	97	22	7	93	16	10	17	31
74	31	7	53	10	19	36	23	39	94
18	98	24	37	56	82	18	15	27	14
97	52	67	80	100	44	71	23	98	84
83	55	90	35	40	48	12	65	77	35
96	1	61	71	6	16	63	19	40	79
80	69	76	83	51	12	83	75	65	90
10	99	49	64	9	17	35	25	54	43
21	25	22	65	3	60	44	80	80	68
12	97	64	97	95	38	5	49	55	55
73	34	52	16	58	99	81	81	42	70
98	20	84	10	98	41	56	86	17	55
99	80	42	89	15	10	59	98	52	63
15	80	45	84	37	35	87	81	37	17
35	86	99	9	69	43	17	82	24	73
99	93	93	89	70	15	18	58	38	56
17	11	64	6	55	77	53	26	81	10
97	3	60	57	35	76	84	68	50	55
6	97	94	99	81	42	65	23	73	26
87	43	72	82	22	42	29	39	69	5
7	7	48	62	4	62	32	59	37	50
22	69	80	62	32	95	1	15	68	66
68	12	96	97	97	48	87	98	88	31
77	71	73	75	84	80	67	82	96	77
86	75	50	73	27	73	24	65	9	50
66	15	9	91	86	84	12	7	71	100
40	73	58	58	7	9	28	67	54	13
1	89	16	47	38	53	52	93	48	70
17	67	45	69	82	87	7	22	88	35
29	21	74	5	55	27	72	75	47	33
75	60	81	68	94	15	27	2	76	35
4	13	60	99	26	59	67	74	96	33
10	79	89	28	4	47	44	35	68	51
59	58	43	22	64	95	22	34	17	40
31	54	42	8	43	92	82	26	26	3
39	16	78	89	54	66	18	16	36	74
2	22	50	46	29	26	83	49	20	4
62	50	87	39	5	19	77	60	97	9
44	73	59	61	13	29	61	98	5	14
19	86	73	87	40	60	61	92	77	51
97	42	97	13	84	58	12	77	42	15
31	69	92	18	22	39	79	51	84	58
14	76	73	82	92	90	94	72	17	42
13	82	90	36	46	30	8	91	58	82
20	49	45	83	25	62	31	92	21	40
42	82	96	88	16	25	95	7	91	86
52	12	31	80	55	88	95	59	58	76
25	19	65	3	19	35	90	89	28	44
21	34	83	28	32	47	78	15	24	91
97	79	39	28	86	90	33	70	39	22
5	92	84	24	24	79	7	45	21	91
57	13	24	44	84	65	20	63	90	47
98	88	60	87	15	62	71	50	75	22
49	57	88	15	32	85	87	16	32	90
54	40	28	2	95	92	84	1	19	16
74	66	32	19	39	39	96	56	52	85
39	18	81	28	67	85	8	77	98	96
5	35	9	60	51	56	67	63	59	58
93	48	86	80	48	20	61	99	84	18
84	1	17	88	43	14	28	13	38	23
21	17	77	60	90	91	59	38	14	12
66	72	97	67	97	73	74	68	73	6
16	29	70	74	14	61	10	6	45	40
8	84	40	24	46	12	67	53	31	45
12	71	34	25	23	54	13	85	80	29
95	47	44	82	53	56	82	35	93	42
84	96	60	81	18	99	16	2	30	15
70	84	29	11	86	6	94	54	29	77
52	78	49	63	26	61	70	90	80	43
79	4	1	73	55	86	53	69	55	77
88	85	77	84	30	71	29	66	5	89
1	3	36	82	30	9	1	36	43	100
42	3	79	80	89	41	99	27	8	24
5	73	24	13	15	86	75	80	10	9
91	81	76	45	24	89	50	48	79	59
77	61	26	78	98	78	78	79	74	4
30	17	36	67	90	21	96	67	29	53
98	83	27	60	87	25	55	61	69	66
52	11	47	77	92	73	100	19	15	8
8	34	60	81	62	88	91	16	3	96
10	6	35	24	37	67	78	16	11	17
37	49	60	10	16	53	69	43	95	56
38	9	59	44	27	74	96	12	17	39
46	55	50	89	62	96	87	40	70	38
4	25	53	12	91	42	84	79	78	68
82	29	71	47	84	96	31	67	69	25
34	36	83	76	12	41	18	91	100	25
27	49	86	82	66	97	61	33	72	75
62	10	34	43	13	75	17	95	97	20
30	35	40	24	69	47	16	82	3	26
58	61	29	44	62	34	61	82	2	39
45	71	55	3	53	9	90	85	56	65
40	76	65	19	76	98	77	5	23	83
4	32	28	19	60	78	62	14	69	35
78	71	85	37	85	30	60	29	54	22
51	81	94	82	57	79	10	73	94	55
82	85	50	72	35	57	58	35	26	58
77	28	53	95	18	51	31	45	78	4
46	35	81	63	95	90	66	39	46	84
25	29	55	1	57	47	42	55	24	96
9	49	81	36	1	66	14	74	91	4
88	84	79	69	90	14	85	43	69	34
53	27	17	25	95	59	83	68	84	24
10	8	93	4	8	74	99	54	26	85
5	34	100	43	94	39	90	48	66	94
61	57	10	26	93	46	94	47	2	40
78	33	100	33	83	13	93	8	89	61
64	65	49	15	55	35	7	57	72	55
71	50	21	48	84	50	81	18	56	16
100	23	17	7	27	97	51	77	25	3
72	2	24	80	35	81	9	6	62	30
38	96	1	61	65	45	25	73	90	95
37	98	55	54	60	13	78	8	43	27
86	49	18	40	52	70	35	54	2	36
63	43	70	61	68	10	12	44	41	40
86	18	66	35	38	96	39	65	11	40
30	29	96	93	50	23	50	32	88	93
23	53	39	4	62	29	76	45	62	34
47	35	95	27	15	35	83	41	15	10
59	33	98	38	25	78	15	44	96	90
24	76	24	49	47	1	21	72	38	40
74	49	80	91	10	5	35	98	51	17
75	83	96	6	57	60	45	41	62	85
33	15	78	94	2	37	37	6	17	63
1	77	24	60	22	91	23	24	61	71
35	80	87	89	65	95	64	56	100	5
57	59	88	85	33	60	90	94	97	34
69	31	75	70	93	18	39	44	59	71
29	54	4	37	55	60	38	92	79	32
19	7	100	30	38	35	38	77	100	45
11	70	31	27	64	46	45	18	7	75
76	20	16	38	88	70	30	88	44	86
52	15	13	46	69	99	89	6	69	23
43	3	10	73	54	9	28	89	21	66
65	96	30	71	73	32	70	21	49	10
81	25	80	38	53	29	7	58	45	75
61	25	66	62	33	4	37	36	4	80
73	73	29	31	19	15	63	72	94	12
45	49	46	19	74	86	19	54	49	61
36	35	25	52	16	7	86	5	57	97
55	87	82	48	35	49	76	69	39	59
82	71	35	73	4	9	70	15	2	3
76	27	53	28	86	46	68	38	97	70
50	24	40	58	51	40	40	5	2	95
67	41	61	24	70	66	100	89	21	47
59	81	90	61	40	45	92	2	5	17
91	20	58	20	29	83	27	31	94	24
20	88	4	15	100	92	13	99	74	18
93	35	49	14	8	60	6	80	6	54
35	53	23	47	23	48	12	10	92	14
43	3	89	4	24	93	20	52	92	60
45	64	15	59	65	72	87	100	89	97
41	71	49	21	4	89	25	26	37	63
6	44	1	8	98	93	78	12	31	54
22	38	59	82	54	53	86	45	32	31
24	51	36	22	8	72	9	14	77	47
25	22	8	95	7	73	58	78	29	44
76	27	47	74	96	6	95	76	85	72
35	7	39	97	11	14	100	33	33	30
94	64	63	54	2	50	39	54	44	95
37	100	92	9	68	63	85	51	20	59
56	11	87	74	37	43	8	29	7	59
13	40	94	66	15	49	77	47	79	71
5	10	40	65	38	15	91	48	14	96
62	44	26	84	6	76	9	49	4	16
33	49	69	58	76	24	46	82	26	14
29	47	76	58	36	92	24	97	76	54
39	80	98	31	51	53	34	28	30	58
44	52	31	35	39	39	72	65	69	97
14	36	36	82	95	10	81	30	85	58
69	25	81	100	67	66	75	27	63	71
95	38	77	31	64	66	89	25	70	57
56	2	48	45	52	51	57	30	8	70
40	13	50	88	7	30	86	16	39	85
81	24	39	85	65	94	20	22	89	29
22	98	78	8	45	80	86	67	19	82
40	91	23	24	14	73	95	58	51	46
7	30	67	92	24	69	8	30	81	83
65	21	13	32	31	4	6	74	74	41
3	5	51	25	15	14	88	18	66	44
70	59	90	80	95	15	84	10	57	13
78	94	4	37	59	72	4	9	18	61
69	99	75	46	7	100	15	20	9	70
6	90	25	98	20	65	8	44	28	95
17	92	83	4	20	64	71	34	1	32
86	2	43	46	47	81	48	87	9	14
70	30	84	9	33	41	31	77	89	67
85	85	44	52	12	57	6	25	76	36
18	24	20	64	59	74	97	61	21	93
62	48	45	43	41	81	33	77	76	21
85	71	13	11	1	91	33	44	13	3
80	98	68	52	72	44	85	23	99	86
83	29	63	68	31	55	34	27	96	3
28	34	51	11	8	16	74	59	34	67
50	95	40	1	62	53	94	54	88	16
10	89	64	77	74	10	59	39	27	20
26	20	12	76	67	32	97	25	10	10
33	28	19	57	31	63	73	42	65	29
26	68	2	17	53	98	98	62	72	13
96	27	52	58	15	73	89	56	81	58
63	22	11	61	51	84	84	48	10	45
86	74	65	83	13	68	39	31	20	64
48	66	26	32	44	44	13	90	58	52
95	54	87	73	37	21	96	78	88	84
94	15	51	100	98	15	65	18	61	62
96	17	70	97	23	90	69	34	86	84
68	84	77	75	17	63	15	54	71	40
39	68	90	51	31	47	91	12	20	8
12	91	76	40	43	60	92	86	22	74
23	84	53	66	66	94	1	17	57	52
45	61	20	32	92	39	80	20	76	93
3	68	94	38	84	30	26	43	57	16
19	24	21	93	39	38	80	20	8	96
71	84	59	29	2	91	60	35	40	30
55	71	11	49	68	97	7	43	24	39
86	35	31	95	62	97	69	29	32	21
60	37	46	21	93	39	44	55	57	70
80	51	37	3	44	73	1	59	87	48
81	60	90	48	51	75	71	4	61	71
56	89	8	76	69	40	93	34	73	75
45	87	90	16	29	12	23	14	6	52
40	44	57	99	60	58	35	95	83	74
79	45	10	53	35	92	98	8	16	44
19	74	74	13	31	47	25	6	22	57
91	90	78	1	93	63	74	63	44	99
78	70	39	73	53	39	96	41	24	11
68	96	1	94	69	92	65	26	82	36
42	70	75	57	71	44	31	99	73	63
92	9	17	95	5	19	5	100	94	82
22	64	86	86	39	97	64	80	38	13
75	73	95	62	88	34	61	96	4	85
91	48	88	5	66	64	41	91	42	27
22	39	95	70	52	89	5	36	20	56
81	52	75	23	83	66	32	49	25	82
88	37	74	92	26	71	90	77	63	39
83	2	75	90	14	53	40	99	94	84
80	90	85	14	11	16	16	57	51	96
50	40	7	18	86	73	41	29	40	45
7	13	55	42	85	95	27	64	57	49
25	81	89	38	32	75	17	70	46	91
57	31	36	74	63	12	70	37	61	51
13	74	37	80	23	71	20	72	48	59
86	74	81	52	24	14	22	44	51	17
1	62	90	45	48	3	98	97	99	13
71	51	52	1	63	18	24	73	18	78
14	76	75	94	24	73	46	92	36	75
90	14	84	26	10	38	65	55	76	52
83	64	26	33	9	76	3	46	33	48
91	8	41	44	9	91	31	16	82	77
3	17	15	98	9	90	70	36	43	59
52	2	53	24	57	37	59	41	27	26
69	44	37	60	46	75	54	30	40	65
19	45	67	91	7	81	70	55	47	30
58	26	87	65	83	71	27	96	4	8
67	27	31	60	76	65	10	91	44	71
78	84	63	34	38	26	6	97	18	7
72	87	71	52	18	39	84	80	65	97
39	62	4	95	28	69	50	55	44	62
98	51	4	44	20	60	9	20	68	91
31	93	62	87	43	95	63	87	65	83
9	7	65	74	75	70	46	35	3	16
52	13	82	52	5	81	29	90	24	79
82	91	28	92	16	64	31	1	58	91
90	71	71	93	20	53	84	52	4	90
60	79	31	86	84	22	64	30	85	53
18	95	14	38	5	73	88	52	81	85
73	54	3	54	51	12	44	56	87	43
25	42	10	91	62	89	20	3	2	4
57	54	26	8	91	65	37	89	99	64
52	2	54	69	16	88	31	66	98	57
14	93	44	11	90	96	19	43	45	3
41	84	62	35	20	16	56	44	46	48
23	6	63	5	11	15	8	61	25	19
51	82	90	55	48	62	33	2	85	39
85	14	26	84	51	90	77	49	47	96
96	18	25	14	44	78	34	66	4	68
2	80	69	56	70	24	52	98	100	78
97	22	41	22	27	88	5	100	23	41
6	32	83	17	77	20	68	13	34	16
66	69	3	91	31	78	91	77	49	38
42	45	31	98	28	11	39	6	70	93
35	21	61	63	7	94	36	49	39	44
97	91	21	64	91	69	63	99	76	40
62	82	44	83	65	98	80	59	55	76
54	79	83	58	17	97	15	39	93	97
29	42	43	20	46	8	38	25	29	1
10	30	59	95	35	29	78	93	3	41
26	71	21	53	9	90	57	35	63	61
6	76	32	23	81	80	25	82	5	35
93	71	1	35	89	44	88	74	80	83
93	94	69	63	96	58	57	59	41	20
25	82	35	85	62	79	15	67	64	65
78	86	96	42	60	71	67	20	85	95
57	69	61	65	75	28	22	58	98	78
50	16	32	26	49	26	100	43	16	6
75	45	89	89	44	81	28	97	83	34
89	64	74	6	68	48	10	57	10	50
93	58	7	86	43	86	30	17	87	24
37	79	3	73	45	23	53	6	87	46
24	47	61	70	6	34	75	5	3	38
91	78	15	86	22	77	10	9	85	45
72	41	19	18	98	3	63	79	97	57
7	34	6	80	20	35	3	8	99	8
63	35	75	97	57	29	25	68	59	2
76	44	80	22	53	64	11	95	9	58
62	18	79	75	100	27	36	85	15	85
97	96	95	94	6	7	75	46	26	76
21	9	39	47	52	87	62	31	93	15
26	40	90	84	68	61	46	72	100	90
34	9	38	25	65	90	21	34	37	18
80	89	97	21	69	36	88	8	1	16
54	45	63	34	69	52	45	15	73	61
100	99	14	18	32	75	20	87	51	63
86	70	17	58	21	1	19	54	44	66
99	100	50	71	60	47	21	74	20	68
55	37	21	34	85	7	45	82	63	22
92	24	61	86	25	48	71	96	23	10
41	56	21	27	77	97	78	96	96	27
96	92	69	62	5	14	54	62	51	92
78	70	13	20	58	12	66	33	73	3
67	38	53	7	91	95	99	73	3	60
10	22	91	12	67	67	98	66	27	26
87	5	69	73	61	62	38	58	25	76
91	29	25	7	58	62	28	61	56	97
68	96	14	5	65	35	13	12	55	38
97	79	86	96	64	2	37	15	29	36
2	77	33	23	75	17	98	79	6	12
30	17	73	39	42	60	34	24	2	53
15	25	65	71	87	90	5	21	62	81
61	90	92	63	89	51	20	12	28	87
42	64	27	38	42	71	5	5	67	37
95	25	27	92	37	1	85	20	76	74
68	16	88	5	27	94	86	93	84	45
72	13	60	49	90	25	44	74	90	80
83	86	51	88	30	59	20	74	22	46
25	61	49	61	69	84	48	21	93	89
31	2	19	53	64	18	89	29	16	16
88	97	79	72	98	93	53	27	91	1
80	12	38	64	84	82	95	48	73	64
69	86	51	54	60	31	28	39	69	3
45	99	3	93	14	41	21	19	65	51
59	37	100	87	60	1	71	38	61	66
59	95	94	81	59	55	96	13	28	94
34	23	96	88	33	43	25	10	76	52
48	60	27	82	99	52	10	43	20	65
33	85	82	81	1	24	36	55	99	96
98	46	4	96	3	78	80	92	51	44
42	71	36	63	2	91	77	78	89	60
74	35	37	76	91	29	10	8	51	13
6	63	75	12	48	29	72	53	9	68
55	13	17	4	45	67	41	99	68	66
12	1	38	77	55	28	47	23	23	68
97	10	92	51	9	24	97	58	43	69
73	48	85	40	78	72	27	51	77	99
40	72	17	57	50	32	89	1	32	17
39	76	83	18	32	80	78	33	23	89
3	67	94	51	96	47	23	24	35	75
14	83	55	26	66	8	60	66	3	86
87	15	78	52	6	97	98	11	97	93
99	60	2	59	64	100	21	60	85	22
22	79	87	46	14	42	50	59	65	35
68	64	95	72	18	48	34	49	15	30
17	89	6	81	35	100	14	79	70	65
39	45	52	78	88	39	22	15	2	43
4	96	7	46	21	23	2	46	20	94
16	76	66	71	64	6	83	37	51	37
23	76	56	50	63	96	84	6	27	79
32	26	82	94	63	43	76	44	45	11
6	23	20	55	19	9	88	77	84	76
69	14	12	72	12	6	98	83	31	54
47	14	39	25	23	67	10	35	76	50
79	80	15	18	21	82	47	26	60	1
21	28	81	14	25	99	71	54	11	83
83	93	17	17	10	84	72	51	43	68
100	3	41	44	33	44	16	100	33	5
49	19	40	5	80	48	56	71	69	22
97	87	32	34	68	70	66	84	2	93
37	70	95	8	24	19	66	2	100	59
42	50	34	87	82	78	12	31	79	55
23	29	30	85	78	30	47	34	40	90
5	40	73	95	19	51	53	29	6	20
24	96	65	13	38	32	42	2	20	73
96	79	53	66	31	97	19	91	93	11
30	54	98	62	6	54	28	2	45	37
90	66	91	51	20	59	60	55	37	92
92	56	21	56	72	26	89	37	28	26
100	79	4	23	60	29	6	99	4	66
10	62	80	76	7	36	67	26	92	48
79	56	53	5	58	11	51	40	46	56
49	63	76	31	4	77	4	4	64	71
56	36	91	31	24	54	29	6	85	31
20	31	24	91	38	87	24	73	68	34
60	39	92	84	94	25	97	30	50	39
35	65	82	73	68	65	69	99	100	7
40	98	48	3	40	17	69	95	15	8
10	98	1	21	85	22	29	70	98	59
41	79	42	91	74	92	90	94	25	38
3	36	57	50	72	46	21	39	92	53
18	23	3	81	46	13	29	100	90	21
48	20	74	42	33	1	93	28	26	50
69	62	98	76	65	6	96	31	71	58
40	96	99	20	40	25	76	30	92	82
71	62	43	4	81	6	18	38	63	8
54	100	22	66	77	27	28	18	1	64
50	46	65	95	22	9	98	2	8	51
60	74	99	36	30	83	79	61	76	64
70	38	34	58	4	92	30	89	67	11
79	90	96	53	86	11	19	13	36	84
79	48	73	76	93	14	11	36	18	95
62	57	50	67	21	34	25	46	59	38
38	34	75	33	18	37	66	5	61	88
23	40	62	44	42	97	68	90	61	5
35	80	62	34	31	87	100	45	11	82
71	42	72	25	6	53	35	2	59	94
43	66	49	42	72	71	79	89	23	73
100	8	81	89	77	100	11	5	59	94
57	66	59	35	21	64	49	30	2	84
91	23	66	72	71	28	90	40	63	34
85	79	53	33	25	89	96	15	25	16
3	30	14	52	83	37	66	54	95	12
10	84	58	33	2	90	20	61	4	48
94	14	86	90	12	78	18	13	28	79
12	53	15	23	20	6	80	64	26	50
91	20	96	59	60	95	36	52	80	62
62	89	7	66	34	42	44	49	44	40
41	53	99	75	30	83	72	18	71	5
13	28	84	100	67	87	24	98	5	69
33	39	72	11	50	63	42	92	53	25
4	94	13	100	97	26	14	5	56	43
44	45	59	99	95	35	9	47	63	70
43	18	9	42	25	36	48	23	56	42
38	79	93	39	44	27	79	59	73	32
22	31	17	27	33	98	56	93	49	8
20	72	52	50	77	91	49	38	79	19
30	65	90	5	27	14	25	11	97	16
21	92	80	26	100	80	58	22	4	32
14	18	58	2	7	68	75	24	1	73
32	41	21	26	7	1	98	36	51	9
16	10	32	30	9	72	66	31	17	1
77	24	96	45	15	95	80	19	8	5
75	70	90	1	45	96	3	35	16	76
25	100	12	10	86	96	42	2	75	15
45	86	76	35	50	32	34	48	54	9
84	31	16	4	30	46	84	80	49	73
100	4	1	27	30	10	13	28	68	93
32	58	73	88	24	16	35	39	2	76
66	91	48	62	10	25	31	99	64	65
25	99	75	54	62	3	9	40	91	6
64	81	44	76	37	74	26	52	90	24
55	96	19	88	85	11	55	89	74	60
93	29	54	80	80	6	49	91	92	47
49	49	86	72	21	33	100	94	76	38
55	73	81	67	26	81	56	13	93	54
46	22	99	52	51	86	46	65	81	62
81	44	8	98	19	49	26	36	97	96
84	12	9	40	36	45	6	60	30	59
26	79	91	89	5	58	96	29	6	57
24	17	25	41	60	53	95	64	36	25
20	89	88	87	36	48	44	25	5	31
44	40	18	27	81	98	85	77	15	7
14	43	5	6	18	72	62	20	99	85
46	4	79	22	99	51	53	77	16	1
65	5	53	98	72	75	27	33	88	49
23	12	37	78	25	55	26	23	68	42
13	10	69	79	31	2	18	35	42	69
89	51	43	99	52	59	15	22	42	73
26	80	11	32	71	82	70	93	82	22
68	99	45	54	91	70	29	36	90	65
44	100	3	96	45	80	80	20	53	98
48	43	71	74	65	73	92	55	10	17
31	32	3	57	41	18	99	97	17	36
79	100	35	7	10	18	37	92	40	29
4	50	11	88	21	98	54	67	47	6
20	64	72	44	55	35	91	14	34	73
76	6	58	70	52	1	54	5	93	11
65	100	9	90	20	44	42	15	30	31
72	99	90	42	94	80	45	41	83	13
78	37	18	74	66	93	98	3	44	85
38	62	46	5	76	36	75	22	16	48
23	56	93	16	36	10	72	88	97	79
28	99	65	16	26	99	82	71	34	21
2	94	88	52	77	58	48	70	80	97
99	94	63	70	72	78	48	70	34	43
60	7	51	54	55	71	85	19	31	32
14	59	4	78	74	78	54	61	99	5
49	81	83	74	93	19	29	49	42	29
72	20	83	57	60	81	46	63	2	100
6	38	43	59	91	75	99	6	25	29
32	74	30	33	78	62	22	63	18	16
14	79	86	60	63	32	78	100	24	25
82	63	19	76	32	62	33	90	9	44
89	16	53	91	45	73	77	7	67	45
52	13	48	86	72	47	14	51	84	6
18	65	83	40	69	17	2	99	23	36
46	70	6	42	99	70	2	16	95	47
31	49	14	34	8	33	83	79	12	44
90	25	66	8	69	78	30	9	2	95
27	87	79	94	9	31	33	74	75	94
4	71	97	3	36	70	21	62	62	68
44	79	10	45	81	55	36	36	81	3
22	83	12	83	4	13	79	92	67	70
98	71	66	19	59	31	32	20	56	93
54	28	38	57	15	42	5	62	80	38
13	68	9	47	90	67	70	9	50	27
82	63	80	81	29	97	17	65	30	90
69	58	19	83	47	23	50	58	52	61
6	97	57	32	1	14	77	99	41	51
26	75	98	35	13	57	81	4	99	21
21	1	41	48	28	35	27	76	38	80
54	65	36	87	14	85	6	36	39	21
80	64	21	1	32	95	21	64	61	12
42	84	42	34	86	73	71	20	25	9
60	69	3	44	37	54	36	36	9	62
1	36	15	69	43	41	42	34	79	19
3	71	16	72	17	5	17	56	99	41
80	62	25	83	83	81	32	58	55	60
42	52	14	34	5	6	78	100	54	33
26	90	25	61	5	12	100	55	59	68
7	80	76	58	12	10	81	62	2	29
22	86	16	94	18	93	4	55	96	44
33	49	32	32	81	47	2	57	67	5
8	48	80	51	94	5	41	19	26	29
73	36	59	99	12	16	40	17	83	88
14	80	29	69	57	2	96	4	23	88
96	19	4	73	18	77	82	8	1	94
23	19	68	93	33	37	23	83	18	14
19	46	59	72	70	60	91	77	35	4
62	82	30	28	33	94	99	80	87	36
98	41	29	50	88	18	71	33	96	41
33	23	43	93	86	65	18	92	60	82
36	76	38	8	51	64	90	76	21	39
26	59	87	53	94	48	71	91	75	38
5	61	86	20	74	25	40	3	51	99
99	10	84	77	85	75	6	83	51	43
96	35	57	73	52	64	56	15	22	66
41	66	86	7	80	14	7	74	33	28
30	37	73	42	67	2	75	17	77	61
12	73	38	27	82	32	79	79	61	34
15	67	75	97	54	25	58	59	90	10
54	70	83	86	93	46	62	64	25	84
39	5	56	3	86	52	74	48	55	36
67	35	68	5	71	44	46	88	8	64
97	97	1	31	38	92	25	97	78	96
37	83	38	12	53	9	64	12	45	90
68	59	17	53	67	54	10	92	33	67
99	2	15	36	57	36	49	59	61	82
92	42	22	67	21	19	39	38	28	14
53	6	15	49	54	6	65	35	19	84
88	100	17	76	2	72	16	3	72	1
37	7	39	64	67	87	67	15	6	77
99	55	40	4	100	75	10	98	81	51
14	76	76	68	6	100	38	84	99	53
24	71	28	83	83	31	56	6	58	96
72	36	37	36	14	17	42	87	6	98
29	64	57	32	89	73	1	9	1	13
6	78	29	21	48	22	40	74	91	67
95	81	75	84	99	56	69	58	87	28
72	60	94	100	20	77	33	37	85	17
91	98	67	51	37	51	83	26	56	43
66	69	59	12	44	24	66	38	9	94
38	7	13	52	68	90	14	42	61	59
41	93	58	94	24	13	45	4	30	68
62	82	53	4	96	33	85	12	23	12
6	47	80	15	22	8	60	57	87	66
61	86	34	12	29	98	99	76	98	86
16	42	47	29	42	92	54	60	19	60
37	94	8	64	30	4	21	16	29	78
77	10	42	57	43	12	21	58	4	17
82	53	100	72	26	85	11	45	27	16
19	51	1	41	28	28	32	16	18	22
84	33	55	28	93	46	24	61	74	79
9	51	78	29	57	64	79	38	46	43
45	51	81	84	35	31	3	21	18	73
65	43	23	67	37	53	98	81	65	17
68	48	72	11	1	98	7	78	96	65
52	2	61	2	40	35	27	11	66	25
82	88	27	15	61	75	74	82	93	90
67	5	77	18	59	46	80	84	55	69
91	98	46	13	87	17	63	86	33	15
82	33	85	34	48	47	56	12	18	19
9	60	19	27	64	21	71	77	58	6
39	8	41	68	85	29	34	33	22	80
23	90	92	72	24	70	78	23	50	37
4	88	51	41	37	100	15	36	39	68
86	25	23	66	51	53	85	37	57	93
48	5	96	15	64	70	83	38	70	69
75	64	29	82	47	58	51	39	47	47
20	53	34	14	86	47	14	14	63	86
47	9	12	96	24	2	81	16	44	79
22	6	13	69	96	75	83	100	70	47
74	16	15	86	50	73	70	54	2	88
87	57	95	65	66	7	64	20	53	100
26	96	84	10	54	57	5	22	76	28
17	76	10	31	37	38	5	54	56	14
61	26	16	42	21	36	7	11	36	21
22	33	7	29	31	48	56	86	1	8
76	96	33	8	77	72	88	52	14	64
28	77	35	55	1	99	74	95	39	29
42	26	19	82	13	7	72	92	20	41
71	7	32	21	79	63	96	47	12	89
6	87	8	38	22	100	85	90	82	83
100	74	58	71	64	11	21	54	39	39
5	38	60	74	87	6	9	83	46	80
66	45	3	53	45	20	19	61	62	98
23	53	60	78	22	92	27	51	21	1
95	16	14	93	95	99	89	46	63	100
89	74	10	15	65	49	14	81	70	94
21	65	87	24	26	69	25	57	79	7
37	33	94	62	91	98	65	29	26	4
54	80	84	38	93	43	79	49	86	24
3	24	34	42	71	87	42	67	41	75
100	57	45	34	75	54	51	75	78	39
33	28	19	20	58	70	73	25	68	12
13	28	40	18	91	70	27	34	84	15
88	25	78	18	99	70	60	13	76	77
88	53	12	38	31	67	5	64	85	13
65	93	38	53	46	56	40	54	32	78
95	52	72	86	6	2	72	52	35	63
71	78	12	46	14	85	93	81	54	97
25	65	86	99	75	9	53	80	33	27
10	80	23	64	79	24	40	14	90	5
38	26	80	28	93	77	77	2	73	8
85	15	15	67	43	54	16	12	52	94
67	90	99	14	13	40	50	55	43	23
18	86	51	18	14	17	24	2	70	21
65	48	43	27	29	19	44	53	89	80
80	97	48	81	4	61	65	37	99	86
36	28	100	57	68	85	58	21	35	67
100	91	60	51	6	97	30	12	52	62
71	76	28	97	89	36	52	12	55	70
9	11	9	1	75	51	74	8	3	26
28	84	28	33	38	93	37	9	87	88
99	85	60	47	93	21	94	43	7	97
50	90	72	16	36	14	55	7	77	32
94	56	80	6	6	8	10	44	90	73
72	98	78	27	8	63	3	50	67	17
77	90	90	80	90	38	50	97	35	82
27	12	23	24	2	98	64	68	92	34
99	73	75	97	57	9	21	33	6	66
10	58	68	18	72	40	81	22	78	55
36	84	16	15	79	77	78	99	33	48
4	6	60	73	28	42	84	43	98	23
52	70	75	8	74	38	47	50	84	95
92	45	33	98	14	80	39	3	57	93
93	9	13	74	31	85	87	59	49	19
86	27	42	70	86	55	49	52	22	10
55	79	62	59	46	83	53	91	74	84
1	65	78	55	38	63	73	29	20	59
24	58	54	56	91	73	100	22	23	81
43	24	79	10	5	56	96	62	47	99
100	24	23	45	83	79	59	53	51	62
43	69	82	83	62	69	22	56	76	30
96	62	7	10	67	52	12	91	28	74
81	56	62	53	7	56	89	37	77	65
52	64	40	73	53	94	45	49	65	48
75	4	10	32	39	49	6	49	48	2
54	20	8	11	92	27	77	68	48	94
84	27	8	29	48	88	47	24	86	61
70	19	59	22	47	23	64	84	25	46
34	19	82	49	2	56	72	13	4	62
78	26	16	92	15	60	19	26	1	54
76	52	95	54	57	8	61	35	81	14
49	52	35	98	30	18	70	28	77	65
59	3	72	56	57	75	98	4	82	79
20	14	63	13	62	10	33	36	64	29
17	72	46	52	20	52	58	41	78	59
67	12	36	59	97	60	63	38	28	95
34	75	41	95	75	46	91	4	80	48
20	26	68	44	54	75	12	8	11	83
15	65	35	60	66	41	59	39	70	14
66	32	98	12	7	59	29	15	48	38
5	37	39	28	39	73	55	35	96	94
3	90	35	98	44	35	50	62	72	55
66	82	47	59	71	61	11	42	50	28
99	71	31	93	75	46	37	39	34	63
4	1	31	76	72	4	77	24	16	5
29	97	54	54	18	57	100	73	23	87
78	36	100	62	99	42	11	56	97	27
98	74	32	14	13	32	54	66	26	18
11	31	61	96	49	87	74	58	2	62
2	44	96	42	84	67	62	33	72	84
55	66	30	66	63	91	58	12	49	52
37	9	32	89	4	82	17	97	8	82
18	11	67	29	11	34	13	88	42	11
70	30	33	35	96	33	53	13	71	12
7	61	70	13	49	95	52	7	42	79
95	67	66	45	68	15	11	91	68	43
37	40	77	52	72	88	95	6	54	61
21	94	63	24	54	75	56	30	66	81
23	69	30	8	91	65	86	36	11	39
59	8	32	29	77	84	83	52	31	80
19	70	66	44	51	18	73	86	69	1
64	84	21	18	54	7	69	27	82	94
23	36	51	99	2	72	74	77	1	76
30	91	99	56	86	96	11	66	5	38
5	49	11	55	73	40	72	76	71	99
94	74	82	47	48	17	11	75	91	81
77	26	70	86	36	42	58	37	8	92
92	2	13	35	11	1	92	2	61	61
25	46	76	59	49	82	98	52	31	52
41	3	53	53	12	45	23	68	97	6
36	92	69	42	85	51	65	4	73	73
89	37	75	53	33	92	63	75	26	86
77	50	19	66	80	92	9	91	24	38
90	71	90	10	63	74	100	47	90	100
47	22	29	53	89	69	33	89	40	9
42	82	57	49	23	36	37	99	79	7
78	19	93	96	33	5	93	34	40	28
98	37	62	64	33	25	31	84	44	23
77	75	71	53	1	30	27	40	44	32
14	99	51	44	21	71	14	53	57	75
83	96	62	11	85	95	7	81	69	92
56	10	7	54	60	14	46	9	36	35
5	54	30	27	71	99	4	82	30	46
69	30	46	30	32	21	1	86	57	8
53	76	90	88	9	38	7	24	34	26
56	90	92	5	81	54	90	56	38	43
55	12	79	13	50	84	72	92	75	96
24	93	54	53	97	84	5	7	23	28
59	80	20	54	60	37	44	84	90	21
45	57	35	4	54	21	93	63	72	68
89	59	80	68	20	37	76	86	25	32
15	63	48	37	15	90	48	18	11	26
74	15	3	91	64	32	57	43	76	37
20	33	76	12	71	24	66	96	19	69
18	36	88	97	91	45	32	66	28	100
81	24	48	21	23	16	12	29	41	66
27	54	97	85	67	30	11	89	99	17
30	54	42	29	29	35	26	58	78	61
79	29	23	40	8	22	38	59	78	39
57	88	2	79	8	2	98	39	67	55
29	88	82	85	2	24	93	15	89	97
15	77	50	74	54	31	16	61	26	7
35	67	21	86	10	32	60	99	82	94
38	73	92	31	36	92	65	59	88	35
84	40	14	92	58	82	91	66	3	17
1	16	68	10	97	94	99	93	74	36
69	17	83	23	90	100	94	35	17	44
16	58	31	10	71	64	32	6	68	9
84	8	46	93	93	43	96	3	62	11
61	95	99	60	32	78	55	35	80	93
71	12	56	83	76	13	67	30	12	19
56	24	64	64	69	52	52	63	32	67
31	15	65	79	79	27	2	75	7	84
24	31	87	24	89	29	96	27	32	24
2	87	18	53	14	89	13	11	23	62
38	36	61	74	8	12	8	26	36	100
79	96	62	59	37	42	70	93	20	5
51	22	17	100	66	12	19	46	20	27
20	70	77	29	60	92	97	49	54	58
90	48	86	53	71	96	63	91	62	1
6	37	38	2	91	63	89	84	73	62
8	39	9	5	80	21	17	59	39	93
83	36	19	37	63	74	83	60	7	100
34	2	99	74	1	87	79	77	74	64
9	56	17	56	63	93	84	35	78	73
99	7	33	32	98	2	6	41	2	67
95	97	90	21	92	100	61	31	95	68
11	1	73	81	29	25	87	53	17	51
72	86	89	27	98	46	45	65	4	35
48	49	53	21	70	36	90	16	34	65
76	99	74	14	32	77	10	90	18	44
2	51	89	40	15	13	29	25	46	72
61	83	49	65	75	24	62	46	76	54
69	58	59	58	38	20	48	53	92	65
52	35	24	55	79	35	40	66	28	7
64	1	69	88	78	18	46	48	69	36
64	47	93	72	9	29	62	56	16	80
67	9	47	82	64	99	69	99	8	99
31	48	77	71	44	29	72	36	78	7
35	83	38	40	63	85	43	9	47	91
95	93	47	81	98	53	80	49	99	49
48	37	45	24	8	90	27	78	69	10
66	29	5	54	94	50	56	87	1	71
93	32	84	48	30	53	76	26	60	52
92	1	38	72	9	62	26	87	71	77
8	53	42	9	70	79	38	64	45	55
92	21	47	57	42	12	52	45	67	6
55	38	71	81	63	36	29	4	88	66
9	38	44	1	8	23	9	23	45	17
100	27	56	72	52	25	83	84	55	90
86	77	1	87	96	55	75	41	73	79
30	39	60	11	61	6	72	65	43	57
94	29	72	43	74	3	33	99	9	9
30	65	94	52	56	67	72	77	8	50
27	95	53	14	2	57	92	39	55	87
45	1	54	20	39	30	28	73	23	64
80	89	22	91	31	24	63	41	71	77
40	77	96	69	28	95	39	50	75	100
91	74	46	7	46	93	92	93	26	4
15	6	5	40	9	2	94	48	76	96
95	21	27	51	4	89	32	4	43	29
65	65	86	58	73	38	26	59	22	8
87	41	56	96	5	78	92	77	48	4
52	90	51	2	41	69	69	6	74	50
71	35	41	86	3	6	29	11	67	60
13	75	47	66	55	85	3	82	26	55
19	11	13	43	89	82	10	72	96	32
70	23	94	25	39	9	35	56	29	15
97	90	37	65	32	55	15	50	48	95
81	92	94	15	58	51	37	37	25	32
89	21	78	22	13	84	89	56	10	80
20	29	97	34	69	52	88	21	42	43
4	29	41	81	91	79	34	99	88	32
48	25	20	45	87	31	17	83	70	85
85	85	49	30	53	19	45	8	60	35
44	21	30	24	73	13	42	42	27	68
38	22	48	58	100	75	99	23	33	6
74	75	17	93	68	52	36	14	3	22
13	83	54	51	41	72	25	94	97	5
59	95	80	29	73	86	16	18	94	67
18	62	61	84	26	39	8	6	39	71
9	68	55	94	69	55	1	39	33	3
47	28	40	56	24	66	13	54	71	46
45	57	71	51	62	66	88	71	40	10
61	17	51	46	5	13	83	58	42	81
16	16	10	100	9	48	61	95	65	89
46	44	95	65	71	21	91	99	83	100
31	61	97	72	60	68	4	90	71	63
9	58	15	28	96	95	99	15	35	14
67	3	26	66	44	13	53	83	69	19
44	12	82	64	47	39	34	8	33	1
55	63	9	75	90	100	86	29	44	92
77	42	81	14	7	16	73	23	76	80
18	57	10	73	63	62	98	18	89	22
44	81	3	4	47	83	87	47	25	44
68	30	6	54	82	22	1	22	70	79
64	84	90	5	93	76	87	62	80	80
1	27	96	73	3	63	28	33	12	9
27	26	23	58	59	38	88	72	11	97
96	42	51	47	100	48	38	43	42	83
35	73	76	54	99	82	71	94	81	27
78	42	7	96	35	62	86	96	76	43
59	49	93	87	50	38	50	20	7	20
99	47	67	94	78	52	68	19	50	62
35	63	33	58	9	32	78	32	95	83
32	16	15	70	49	9	60	75	54	70
62	79	87	38	3	33	100	51	42	49
42	40	87	42	85	79	53	64	61	12
76	38	96	4	48	85	18	28	55	36
2	27	25	71	79	14	94	20	74	23
41	83	25	56	89	91	76	91	52	52
48	74	87	54	73	83	22	87	94	47
32	23	10	84	13	48	91	18	66	65
35	42	14	99	37	67	15	83	29	91
37	70	15	61	40	63	22	42	90	93
29	53	29	70	59	71	41	34	64	96
2	35	5	88	29	94	77	49	53	11
18	38	18	7	8	40	19	55	50	27
51	15	54	52	12	24	35	81	67	73
5	26	44	10	63	90	83	95	34	42
4	98	70	78	28	30	56	17	86	66
33	53	70	21	44	15	51	73	53	12
69	79	49	1	2	10	34	35	21	32
12	73	89	75	48	66	13	38	8	36
56	77	55	44	68	69	7	74	50	92
16	24	3	97	59	4	11	5	5	37
88	87	70	49	2	96	88	23	31	100
6	74	62	37	22	85	53	27	17	89
34	18	97	47	26	6	26	66	48	55
59	84	39	16	30	78	85	77	38	30
82	46	48	39	90	12	20	25	44	91
54	35	6	46	97	64	70	48	5	72
51	82	65	98	37	15	54	100	72	36
65	40	78	72	42	78	14	2	79	85
11	2	99	89	11	22	58	6	43	38
78	93	77	21	92	99	60	46	99	74
36	43	19	19	57	51	66	68	44	12
6	87	50	32	31	81	33	18	79	12
77	51	87	68	33	83	29	91	87	4
28	70	59	84	29	6	59	8	55	63
42	36	96	25	50	41	85	14	18	54
90	32	16	39	53	57	93	75	9	58
71	70	39	5	56	22	46	100	47	66
78	47	4	14	15	79	5	81	3	54
78	50	6	78	50	43	34	66	44	81
25	5	4	42	37	72	53	3	35	6
70	84	11	46	60	40	79	21	99	47
25	81	88	27	91	12	40	5	66	80
28	12	70	91	8	97	66	33	63	3
54	8	33	74	59	81	32	14	46	9
31	63	88	29	70	23	14	84	79	7
25	54	28	80	9	28	33	67	30	35
95	59	80	90	90	83	24	2	51	71
57	24	59	49	86	3	56	20	79	87
55	42	19	11	83	87	49	55	90	14
76	1	84	75	74	19	30	92	88	35
49	90	65	42	8	20	48	11	10	24
100	23	63	66	11	19	56	5	3	51
45	13	88	83	51	23	9	98	92	65
2	30	19	34	14	31	88	54	14	88
7	68	29	94	95	85	54	68	9	98
57	1	6	57	72	37	52	99	12	88
72	77	5	35	69	88	78	12	60	50
65	50	67	78	21	60	68	100	96	66
58	48	11	1	79	29	30	15	96	43
13	80	8	48	76	38	7	8	68	10
89	4	13	85	29	2	54	100	33	7
43	7	6	36	57	83	25	57	95	70
83	11	16	22	51	11	78	82	60	78
93	44	65	90	55	22	90	3	52	15
70	96	67	45	53	32	32	69	60	85
68	41	7	93	23	2	24	7	39	16
26	54	53	9	2	77	79	5	41	74
4	37	55	42	11	42	65	19	82	92
17	71	29	3	39	15	23	17	43	66
15	19	9	34	97	45	21	87	48	72
88	88	60	69	61	59	36	93	17	43
2	26	52	100	26	59	63	46	48	70
69	84	96	31	22	89	59	30	8	89
21	15	69	13	59	95	51	26	87	49
74	16	83	78	27	62	65	47	80	21
89	9	7	93	38	12	97	79	42	90
26	93	26	17	87	83	45	65	57	42
84	79	74	5	52	16	25	98	92	56
14	69	27	40	68	56	58	10	90	71
22	75	90	25	18	48	92	11	96	69
7	70	73	50	45	65	56	28	60	2
98	86	25	62	38	79	34	85	20	79
53	86	79	28	78	6	40	55	14	83
62	87	48	26	86	23	54	41	20	83
30	44	8	71	40	42	64	32	79	15
56	30	33	7	69	100	86	36	36	2
20	96	47	77	31	91	78	97	25	7
81	29	46	26	72	16	20	17	31	42
74	54	34	19	48	24	54	90	100	33
61	47	100	78	8	79	78	85	14	41
39	49	68	93	88	20	13	50	48	75
67	11	46	40	9	74	39	4	93	78
29	58	26	54	31	90	28	30	28	3
70	37	31	18	89	97	76	38	69	59
9	84	10	78	29	81	20	47	97	33
7	84	9	8	28	62	76	41	82	16
6	37	73	9	49	78	4	37	13	66
25	52	60	52	56	38	10	32	19	48
40	75	4	54	39	13	17	23	8	60
33	44	53	47	92	79	4	83	57	76
26	59	97	98	41	70	12	77	6	17
30	8	85	19	84	87	38	10	44	10
39	72	22	75	2	73	77	61	91	97
5	94	66	76	43	90	21	29	46	97
16	51	93	88	94	6	32	23	55	17
1	30	83	25	75	61	56	39	39	62
58	47	51	95	29	63	17	3	79	64
65	52	3	48	59	63	11	24	48	56
71	24	60	20	7	39	100	34	33	17
80	68	56	53	87	47	76	57	81	17
38	62	74	95	51	46	31	2	90	18
68	82	76	92	67	72	87	45	6	10
66	80	37	62	89	15	92	65	82	98
54	31	25	3	70	39	97	5	21	46
71	1	6	64	54	92	19	85	50	65
90	1	19	20	32	40	20	29	45	56
46	62	64	75	11	90	10	35	78	15
60	12	26	19	1	75	64	85	36	84
13	42	67	11	74	60	9	17	85	67
21	2	74	35	97	71	96	23	64	15
90	34	28	22	54	88	87	2	91	85
45	91	15	7	35	1	54	46	100	86
36	80	97	65	56	52	58	52	76	62
95	9	41	51	52	15	48	62	90	99
45	49	18	53	97	20	42	96	8	5
67	44	54	41	16	88	65	9	18	42
62	71	4	63	71	46	53	27	9	56
88	80	46	62	16	30	84	91	15	44
91	21	22	49	16	93	8	50	99	99
20	7	32	40	96	88	96	31	32	2
39	77	33	76	33	60	93	41	99	91
82	43	62	69	29	73	50	30	11	27
77	23	81	18	65	60	42	76	39	54
9	16	40	43	94	62	15	28	86	73
81	100	39	71	68	72	4	85	92	9
71	96	79	20	52	68	57	80	47	20
32	1	96	79	23	75	26	64	50	1
24	33	30	86	24	46	31	88	100	52
36	33	7	24	98	56	62	58	86	8
1	28	28	91	16	77	73	40	7	64
45	22	19	30	37	75	45	75	14	85
19	97	89	20	24	16	77	36	61	56
70	39	2	79	20	36	15	28	42	94
32	48	56	83	79	94	50	94	2	44
30	65	56	55	66	7	44	42	19	36
94	54	74	76	99	58	71	36	65	66
93	58	34	81	51	96	98	74	12	54
88	22	2	13	65	59	45	28	69	13
11	20	59	26	92	38	1	16	75	89
4	7	84	41	51	51	84	18	69	10
57	7	25	33	48	18	97	76	76	87
21	33	86	37	84	98	1	41	83	31
88	12	73	26	14	2	24	57	12	19
36	42	73	27	22	64	50	96	40	1
14	53	91	71	85	59	83	72	95	35
78	85	29	5	31	63	64	78	16	80
22	53	46	13	56	11	87	88	98	1
74	40	50	31	10	52	93	12	67	28
4	81	69	22	77	82	71	69	49	12
3	9	28	90	79	55	70	34	48	18
57	81	59	52	21	89	66	75	56	44
79	25	77	49	58	77	70	67	9	23
27	100	23	59	53	16	95	96	51	27
81	19	33	42	37	12	2	57	59	35
70	59	97	90	83	36	27	64	11	22
41	47	87	66	69	90	76	84	60	3
32	77	34	32	52	53	27	8	3	25
13	82	75	53	10	45	25	13	49	80
11	10	24	41	46	60	31	58	23	9
50	82	39	69	56	62	66	72	36	66
75	39	20	34	13	88	100	54	74	48
65	81	61	19	41	76	55	6	100	93
37	79	21	56	76	96	17	39	63	24
85	64	44	21	88	93	70	99	11	78
80	96	8	89	75	45	31	96	24	7
28	40	47	66	21	71	24	48	48	44
3	64	45	69	33	2	63	51	71	9
29	50	79	10	28	36	22	69	89	47
84	64	72	95	26	42	89	37	76	65
58	87	13	31	70	89	32	84	45	87
48	16	45	45	45	92	19	93	91	69
47	83	48	62	65	54	26	65	56	30
3	91	92	26	15	41	64	28	71	59
99	40	49	8	82	79	78	97	37	50
81	49	27	63	16	59	2	97	15	42
24	45	73	100	24	73	76	69	33	27
99	24	72	34	23	8	88	14	14	21
97	54	24	19	53	70	13	22	40	40
89	47	8	21	82	97	19	20	37	71
89	1	17	12	57	67	33	15	83	6
75	40	96	12	40	77	65	80	18	27
34	16	67	50	80	47	99	47	6	80
39	66	10	15	56	28	18	17	10	38
60	11	72	52	4	43	13	66	23	94
25	32	29	21	57	59	35	96	33	17
42	91	65	32	85	68	71	45	17	28
79	86	87	56	61	6	24	38	96	79
30	76	21	88	64	49	56	87	27	35
52	63	57	13	12	54	78	38	47	88
52	34	11	81	26	35	79	70	18	92
36	90	3	22	11	70	7	74	56	8
31	39	93	30	76	37	28	90	34	33
50	90	88	70	95	25	76	79	81	77
10	87	45	69	38	11	42	61	14	18
27	2	66	36	36	9	22	88	70	47
11	45	51	31	59	66	28	32	49	63
100	86	68	13	68	39	14	57	10	4
50	95	61	73	79	61	62	26	39	84
17	95	40	55	97	37	98	19	8	82
78	33	93	25	86	1	3	98	95	37
72	68	10	10	53	65	29	91	65	43
83	74	4	22	32	68	62	66	60	82
95	55	92	93	90	56	91	96	31	16
24	59	40	81	51	98	6	14	23	61
10	52	83	60	90	79	9	57	43	98
14	11	23	11	23	48	10	93	3	92
38	28	16	85	92	88	23	95	64	5
1	29	58	63	24	13	28	74	66	12
37	70	100	28	70	16	87	85	26	18
23	86	43	81	95	80	22	13	24	60
12	23	67	5	5	6	22	2	6	1
33	48	20	72	75	83	99	46	73	15
69	80	6	60	94	57	25	71	22	44
59	28	37	53	48	33	83	69	88	47
69	80	33	13	86	9	92	78	81	70
33	10	98	54	75	60	76	82	15	100
38	37	52	46	92	14	26	55	48	97
22	4	42	73	30	6	63	20	12	73
59	5	30	94	17	14	55	4	61	60
69	94	90	90	69	70	17	94	70	20
33	27	23	80	19	42	64	7	15	7
29	82	68	33	70	15	81	79	70	7
19	81	5	32	76	57	80	97	23	8
91	75	20	93	9	79	58	6	36	48
78	36	51	89	17	35	40	21	6	70
61	95	43	32	7	21	69	39	45	96
61	99	22	39	43	15	73	90	73	65
41	71	63	96	100	38	47	33	66	82
84	32	41	36	61	90	47	78	74	41
83	19	14	10	27	15	15	95	27	84
76	32	42	42	56	35	7	78	19	37
59	69	21	48	79	50	1	87	91	94
21	70	11	91	54	14	90	31	59	94
46	77	41	67	89	11	42	47	66	4
71	88	92	65	68	54	52	71	87	45
34	59	47	64	4	14	12	73	38	50
87	9	51	91	2	90	75	33	25	46
13	84	61	31	68	16	54	88	50	65
34	36	65	96	71	75	1	26	95	71
85	40	60	71	53	28	63	2	77	58
88	94	98	63	95	75	3	58	77	76
45	27	21	56	72	7	94	59	84	14
77	98	24	28	6	24	85	40	58	100
35	92	100	10	81	30	74	71	1	48
38	31	2	37	70	1	56	36	46	5
76	83	3	31	40	54	72	57	22	21
49	22	2	16	36	57	38	76	4	29
87	90	22	95	13	31	30	84	82	79
35	14	97	26	61	57	40	93	23	88
1	77	56	76	64	30	73	57	46	77
32	89	92	89	87	82	42	18	26	50
17	35	73	74	83	68	13	68	47	94
64	40	82	83	87	78	3	18	36	87
35	31	22	2	56	31	13	10	5	70
58	14	9	65	55	67	38	55	16	60
75	17	69	94	72	34	42	73	33	62
73	74	73	41	66	14	4	43	77	1
69	97	19	36	19	79	75	93	30	5
6	65	40	6	22	61	94	6	86	11
94	79	67	92	19	45	53	14	32	33
65	83	48	43	1	80	64	80	47	39
55	1	94	14	21	1	52	14	61	20
38	91	51	52	61	8	94	79	5	84
2	5	31	57	29	94	6	49	72	47
33	21	60	10	13	1	12	38	1	68
68	70	49	17	38	89	23	97	14	61
83	44	97	74	18	1	41	53	76	18
8	87	14	2	52	6	1	67	69	5
75	21	73	43	29	33	89	31	85	74
63	32	89	14	94	72	14	15	38	57
64	26	24	71	31	65	27	10	63	72
90	81	32	55	34	7	72	76	95	35
41	58	3	22	68	66	16	72	76	69
20	67	91	94	18	25	74	93	96	43
9	82	46	56	97	45	73	84	91	90
10	31	13	14	76	85	52	62	57	40
33	51	63	9	6	82	69	28	70	31
97	66	92	36	29	14	36	44	92	76
46	100	11	52	79	39	45	93	59	82
35	44	3	85	64	86	46	82	15	14
73	73	86	79	65	23	42	99	66	71
95	90	16	11	92	82	71	33	34	71
75	95	71	100	92	53	4	53	50	62
74	83	21	33	92	54	39	82	20	65
88	72	39	28	53	54	71	8	36	72
10	78	21	61	7	32	63	9	43	29
98	97	25	68	8	97	81	97	99	50
9	68	26	88	81	59	12	46	75	34
71	37	68	36	16	59	52	29	28	28
52	72	31	65	3	89	58	84	85	4
25	56	81	53	27	44	76	86	78	26
87	82	81	39	82	36	1	34	21	63
27	80	5	78	90	91	31	20	85	29
77	56	42	38	8	82	45	56	34	45
30	95	11	78	96	87	64	49	15	27
90	52	39	22	57	17	79	55	15	100
23	2	43	95	75	88	79	18	79	55
77	93	61	24	57	89	43	12	1	55
1	8	63	47	93	47	32	17	35	97
57	52	76	12	35	81	49	46	70	69
35	52	21	27	72	62	14	43	55	47
98	9	3	4	26	91	23	38	40	32
66	91	9	74	17	86	2	32	2	84
56	78	55	18	69	91	95	87	49	1
49	40	12	15	8	7	18	12	27	90
91	74	20	60	30	76	64	84	88	27
37	33	63	69	9	73	6	14	89	14
27	21	64	51	40	72	49	28	30	48
80	12	31	8	54	63	23	78	3	53
53	18	85	44	10	68	72	64	81	15
64	64	84	85	95	7	4	71	91	25
40	15	54	19	80	68	46	76	42	69
90	96	71	58	87	16	61	77	11	87
76	26	31	45	94	70	98	13	33	16
12	78	95	33	4	91	5	54	33	3
20	60	99	40	48	71	89	2	35	10
28	96	55	14	69	3	43	10	6	58
34	3	53	35	93	25	57	66	16	17
9	18	61	29	71	55	92	98	60	5
26	87	97	17	43	59	78	13	46	92
63	52	19	53	84	17	18	90	1	3
28	16	55	67	14	13	27	56	5	71
86	15	81	49	29	65	100	8	94	31
79	58	4	56	67	65	55	64	47	39
54	94	68	21	87	97	39	46	46	88
60	30	5	38	89	23	80	1	3	36
30	64	81	50	85	42	28	60	52	64
78	60	46	36	61	88	18	84	31	52
41	83	72	83	70	26	2	1	19	43
15	26	47	12	100	54	38	17	45	68
16	40	99	57	23	43	86	7	7	52
31	69	18	33	90	29	82	76	34	64
44	84	67	53	84	26	72	63	51	56
100	75	80	42	33	2	2	76	12	93
45	16	7	47	50	50	81	69	45	7
52	22	26	61	74	52	43	72	94	7
16	91	99	97	4	27	47	99	76	44
63	97	46	1	97	45	64	58	76	96
89	47	71	44	72	52	34	24	80	9
34	97	31	61	83	12	90	37	45	28
33	51	53	93	53	80	24	8	42	92
28	30	20	22	86	68	81	82	48	94
42	42	90	83	4	75	95	93	45	95
37	29	43	29	27	69	46	8	42	33
81	6	17	17	34	29	71	73	67	66
64	76	13	12	47	11	54	28	94	10
26	55	12	4	20	57	23	88	25	40
21	58	63	87	99	65	53	41	90	44
17	95	8	29	3	17	9	88	74	23
3	82	12	54	96	76	45	82	82	52
38	47	53	81	89	42	6	79	5	55
100	85	57	96	83	83	17	97	49	70
91	71	92	16	64	17	48	85	64	49
29	58	83	10	98	93	27	34	64	9
64	88	81	94	26	39	93	82	14	26
90	92	54	100	79	3	33	19	41	52
50	18	32	74	61	68	100	68	5	49
59	26	57	11	49	43	58	13	29	97
52	38	70	24	10	82	7	63	88	79
64	98	69	71	14	1	47	68	88	52
25	84	2	60	30	49	91	95	16	63
70	59	66	47	42	18	68	9	10	9
50	42	2	64	58	71	72	84	54	66
50	58	20	24	23	93	52	69	30	97
21	25	10	54	57	59	46	43	60	87
53	89	77	96	2	82	25	83	14	89
81	79	34	50	71	49	69	18	21	61
87	58	80	8	75	59	61	59	24	49
46	73	6	14	36	13	80	15	84	50
41	16	21	12	22	28	18	17	3	36
11	29	59	68	1	4	29	4	68	76
56	20	14	69	65	24	39	55	71	72
21	42	79	44	20	86	85	57	28	77
80	65	61	88	76	21	51	16	1	6
58	56	14	19	52	23	70	90	67	82
45	56	46	57	86	59	28	99	1	76
48	20	33	71	100	41	17	70	45	86
30	7	10	100	11	53	98	54	71	23
46	14	43	23	26	75	81	74	7	51
23	26	43	76	6	30	27	70	100	42
21	41	62	92	36	11	36	3	68	88
49	97	71	60	89	44	42	29	8	73
27	73	2	32	58	90	40	30	14	53
89	47	35	84	75	69	56	40	31	18
80	75	27	98	28	34	29	52	3	84
69	59	62	12	79	73	75	77	97	27
8	70	88	23	14	25	100	65	1	42
83	1	70	74	54	26	94	100	14	14
76	56	74	75	9	42	94	43	11	57
29	38	14	6	64	73	15	84	75	35
97	36	55	79	66	26	53	50	54	27
14	24	44	20	53	68	26	37	60	9
29	100	77	20	13	28	26	6	100	62
26	67	53	58	36	60	33	70	50	78
7	90	45	90	68	13	70	81	17	23
73	25	29	48	14	44	52	26	16	72
53	15	15	99	81	53	60	4	61	18
53	26	55	71	9	90	65	44	78	6
64	15	24	50	39	30	66	95	67	13
93	92	42	11	24	44	13	87	96	35
14	25	7	37	89	86	85	83	77	41
4	58	37	20	98	86	41	51	44	38
79	43	46	64	39	66	3	62	48	46
21	26	28	45	71	4	72	41	69	17
65	21	90	61	1	78	44	72	91	38
50	41	25	31	29	10	90	27	18	4
58	35	97	84	24	86	7	2	88	65
88	4	68	92	3	85	16	66	2	45
97	29	71	11	17	60	29	36	62	34
36	43	71	24	4	56	94	3	57	96
7	19	79	65	8	8	31	92	52	62
78	37	61	95	48	46	43	74	19	60
42	18	76	32	50	3	53	97	44	56
35	84	96	25	4	96	44	1	64	13
82	19	60	51	29	26	74	3	65	72
51	19	61	4	6	14	15	71	14	96
50	17	100	45	8	42	8	46	88	94
51	57	12	16	92	48	9	43	66	37
48	71	16	31	46	95	39	66	15	7
51	40	81	58	44	15	82	43	3	18
93	60	2	86	15	12	25	38	80	34
62	23	18	7	20	93	73	24	82	60
23	60	23	63	78	64	84	59	22	10
6	23	59	41	91	30	52	17	31	89
1	45	82	23	23	58	46	64	68	7
79	46	24	94	28	18	36	12	27	33
22	23	7	38	13	25	14	68	45	61
86	46	100	58	68	70	37	69	90	33
41	45	61	74	86	44	59	2	12	89
50	86	66	100	6	91	11	53	50	70
11	10	85	9	52	77	77	27	28	33
94	24	37	57	79	50	7	17	98	17
41	75	34	28	18	16	67	33	31	1
59	38	18	14	86	75	96	53	42	31
9	57	42	50	49	65	65	55	94	3
40	70	66	81	46	54	63	71	63	31
65	72	28	95	97	75	74	11	68	61
43	80	11	55	26	69	52	69	23	84
18	35	3	70	89	31	76	69	21	94
71	74	37	13	46	51	12	22	20	86
100	22	94	50	99	29	11	11	44	4
55	72	22	83	53	67	8	19	43	17
34	48	15	95	6	79	69	78	22	71
70	52	23	9	70	60	66	86	8	82
70	14	83	6	16	85	46	32	92	47
11	44	14	59	22	8	30	29	44	75
78	62	37	93	72	24	88	94	93	7
28	56	63	54	91	60	78	10	30	52
4	26	32	12	88	46	34	29	97	12
16	5	88	54	61	83	43	52	63	13
20	77	18	9	31	74	50	75	74	61
100	44	43	95	99	42	10	97	44	56
27	85	54	89	40	48	1	32	46	89
6	58	93	14	57	47	36	35	99	53
1	28	42	44	48	53	6	64	6	29
36	45	95	36	43	54	84	93	95	81
43	86	97	28	70	89	75	13	20	36
29	31	21	61	80	98	89	77	46	34
30	82	100	11	46	46	74	46	8	32
55	24	45	62	32	57	61	46	57	42
91	92	19	35	1	90	77	6	67	90
6	33	13	48	11	55	47	82	12	36
17	97	40	57	46	81	49	72	71	85
99	73	27	49	92	70	7	1	67	45
50	18	47	70	34	99	99	3	90	91
8	67	32	90	98	57	65	17	77	32
82	57	51	10	66	91	6	73	40	55
67	21	37	92	8	93	54	87	69	45
68	34	78	18	43	87	67	95	30	93
14	77	99	84	18	34	100	56	62	20
7	34	69	42	91	20	47	89	80	36
41	63	58	74	38	24	83	91	13	14
86	70	48	25	13	61	68	80	69	17
54	24	8	27	80	59	38	27	30	73
27	54	79	66	47	61	39	83	45	12
67	41	78	11	55	9	79	4	11	79
88	86	58	70	95	11	26	80	86	100
65	72	66	85	56	27	9	24	98	1
36	40	3	99	27	11	92	58	4	79
66	10	5	66	1	75	32	27	75	19
20	35	90	56	81	17	47	14	98	33
32	83	5	39	91	90	59	2	93	22
17	47	95	31	33	19	54	68	73	54
22	80	56	19	68	63	59	68	90	90
69	70	61	59	51	68	3	2	97	53
62	95	15	22	95	86	82	15	58	99
80	57	62	59	70	60	96	62	84	57
67	56	76	8	1	90	67	19	64	21
46	22	47	59	14	100	20	77	66	93
82	7	3	76	15	26	78	65	56	46
27	54	46	98	86	49	18	72	8	89
4	4	27	94	62	60	75	93	87	39
58	65	96	22	23	5	85	83	36	63
26	96	4	19	84	70	5	26	76	17
40	89	3	60	11	72	72	89	86	23
61	100	47	17	73	11	16	25	61	82
37	77	45	64	42	82	15	51	16	16
39	11	73	95	50	45	57	37	32	47
83	67	99	87	59	76	31	44	66	30
82	88	79	31	46	72	52	52	52	33
95	91	44	71	29	24	29	11	61	34
41	78	77	51	25	32	3	71	38	64
84	70	91	26	91	54	21	8	94	97
29	69	37	38	96	6	75	74	84	56
57	82	31	45	8	64	16	67	97	91
53	91	76	38	32	94	91	4	26	21
48	40	21	82	91	33	57	85	40	80
32	25	10	28	66	48	50	7	97	75
75	97	42	38	17	60	41	54	21	65
63	64	58	79	21	79	73	75	9	99
41	12	87	22	32	76	96	41	94	17