2000 5 512 20 0
76	92	39	90	53
85	45	74	13	17
54	68	79	70	14
85	39	27	94	5
66	38	25	57	43
41	34	43	82	25
61	9	83	65	50
54	50	23	74	56
75	92	69	90	33
92	31	3	98	16
62	84	31	90	64
37	55	48	49	83
42	87	3	17	76
89	79	78	43	15
44	93	97	88	85
30	54	88	22	20
28	63	62	4	18
26	90	33	28	16
19	20	63	62	13
68	76	54	80	53
28	3	30	76	92
72	15	69	43	84
89	43	34	5	63
77	52	80	78	87
96	85	5	68	2
91	98	9	74	29
24	40	6	48	32
10	66	81	96	8
63	9	24	18	80
75	14	75	79	1
79	9	65	66	87
64	83	90	26	32
14	51	63	91	86
94	82	24	83	55
2	39	28	62	13
63	49	13	91	14
4	87	18	19	75
61	3	72	89	56
14	36	78	75	13
49	55	99	28	88
88	48	66	37	64
10	34	10	32	28
12	36	44	30	89
36	36	92	18	17
81	5	45	64	21
76	76	74	37	82
63	72	93	42	34
26	84	36	99	58
10	79	5	57	5
19	92	60	93	34
94	82	84	71	2
49	54	20	100	66
45	14	53	2	66
27	28	43	76	37
26	21	88	63	47
72	4	27	64	52
68	55	59	33	99
32	86	27	16	87
47	10	52	42	86
68	45	77	61	99
22	7	72	66	90
14	95	30	16	73
62	33	80	62	68
34	46	55	54	31
16	17	42	54	56
38	20	25	6	75
49	19	93	83	36
64	52	82	45	15
98	47	72	16	86
69	31	37	82	90
47	100	50	73	17
58	51	53	46	93
96	100	22	15	42
77	95	24	3	21
69	92	2	87	79
69	57	65	65	23
82	78	100	40	7
56	33	87	69	51
29	56	68	79	91
92	25	71	25	96
80	49	24	62	68
42	88	53	53	96
97	58	42	9	5
98	51	37	83	13
61	63	83	76	96
75	58	59	4	45
59	25	51	69	82
40	64	40	92	62
94	78	21	72	61
95	14	2	90	1
79	15	31	61	8
96	47	14	42	59
21	95	25	70	71
71	91	85	6	96
30	91	33	31	46
56	25	37	35	9
42	99	48	42	91
80	17	22	1	96
69	14	85	58	44
11	4	50	87	96
8	84	50	13	24
90	40	90	79	92
44	100	93	41	30
90	22	56	76	8
52	57	32	3	25
94	28	93	37	2
30	91	9	3	62
18	40	99	55	98
85	46	12	7	43
38	23	29	10	78
65	81	13	6	29
76	12	5	72	11
37	62	20	76	69
19	9	30	66	10
54	92	91	77	81
15	43	95	74	34
53	7	73	47	70
3	84	27	25	50
7	16	17	42	86
94	46	32	32	85
32	16	8	46	48
52	83	77	81	35
62	81	52	11	91
84	22	68	56	100
27	98	55	16	80
20	14	75	61	16
85	15	17	66	19
41	5	70	88	39
40	47	64	15	39
76	80	85	72	64
19	83	56	43	4
51	70	52	23	5
64	13	63	5	57
93	11	16	83	28
30	26	27	40	67
43	78	26	24	74
86	95	82	10	37
99	99	34	15	54
16	27	64	35	83
31	67	53	68	82
35	55	71	53	53
26	79	32	46	92
36	78	72	81	91
33	90	84	55	57
48	84	68	98	77
34	78	80	65	49
92	100	17	87	5
58	66	46	22	83
28	73	70	54	31
75	80	22	69	10
22	8	42	31	86
50	30	71	85	91
52	95	88	73	64
89	15	61	74	59
18	71	47	27	24
13	18	33	46	29
65	98	65	5	88
25	18	44	35	64
25	97	5	29	6
67	95	7	11	46
25	42	98	100	57
19	37	14	60	90
64	6	4	44	73
97	79	60	53	58
73	55	36	45	96
47	18	50	1	62
36	42	100	97	66
72	12	1	90	74
81	14	43	94	21
95	52	87	19	59
52	5	78	58	9
83	33	44	67	36
37	93	96	9	77
77	80	36	42	41
85	42	59	13	7
8	44	24	72	94
20	100	32	52	2
13	48	9	41	63
59	24	77	89	12
87	30	57	53	88
18	72	21	57	93
21	54	9	11	49
46	86	84	73	75
96	91	48	63	50
66	71	62	82	5
24	29	38	85	61
17	65	56	48	85
44	64	70	50	8
85	45	43	83	95
8	63	36	63	30
50	94	42	36	67
100	66	74	62	18
3	39	26	18	73
17	16	69	1	82
96	62	70	70	88
36	1	7	28	24
87	15	6	60	85
96	47	84	65	66
86	98	33	22	22
74	97	37	35	19
13	26	63	17	28
13	95	9	59	62
81	95	59	22	100
80	38	49	58	26
86	60	71	96	77
17	86	29	8	43
7	84	8	27	78
11	80	4	17	83
86	86	99	62	29
99	23	4	11	70
10	78	29	41	89
91	74	97	50	3
60	49	23	90	55
14	59	52	49	21
80	47	94	18	15
100	94	1	50	38
40	24	71	93	44
17	77	40	83	6
50	75	82	87	51
92	43	32	59	15
73	17	28	68	54
61	62	47	15	35
99	49	6	7	18
61	49	83	83	32
84	96	60	32	54
6	56	46	88	17
39	30	94	14	58
73	4	77	41	76
28	42	75	32	33
89	74	75	75	35
79	98	32	66	5
71	47	39	52	90
18	20	56	91	84
16	11	69	24	37
17	5	66	54	76
33	22	21	4	47
90	2	94	11	21
18	16	58	12	75
50	96	14	55	8
80	49	71	93	63
42	67	81	95	46
40	97	99	11	4
51	36	60	29	16
87	38	80	3	90
82	23	29	93	95
9	82	57	51	39
99	6	74	29	8
79	73	21	74	94
26	13	54	93	3
42	42	49	34	2
36	89	17	19	72
18	80	84	15	73
80	1	55	22	96
5	33	82	43	5
64	75	28	87	89
52	66	98	62	48
56	63	69	82	67
5	30	51	83	30
3	56	79	38	44
32	7	86	88	92
6	81	64	13	65
22	32	28	30	33
99	89	86	70	26
59	3	9	4	60
40	43	8	21	95
70	41	37	41	91
59	86	88	64	13
18	63	18	55	86
2	41	56	75	67
81	15	24	43	17
84	60	61	73	62
17	44	41	75	50
9	64	13	19	34
64	96	69	87	65
71	21	64	62	39
72	58	10	42	80
95	47	34	32	91
51	67	31	69	49
39	15	61	57	66
67	59	78	2	74
11	22	32	68	59
92	99	38	6	54
69	23	49	13	27
53	53	45	42	47
47	19	48	83	9
24	95	32	23	72
43	74	18	15	52
72	15	56	99	100
96	80	98	3	96
36	55	37	78	53
59	53	97	51	23
44	94	57	17	4
4	46	46	26	85
27	54	79	87	25
66	92	54	32	7
78	18	49	15	78
17	58	47	6	85
92	27	16	75	21
59	9	16	15	2
32	79	13	70	17
63	17	95	31	21
15	83	5	27	81
24	47	59	61	48
98	78	16	88	57
38	72	48	14	33
28	82	89	55	22
57	28	48	60	30
19	78	62	5	38
5	36	26	11	30
93	80	4	28	71
53	85	52	28	92
74	59	7	42	55
82	10	59	13	97
91	60	51	26	31
63	91	64	81	53
48	21	4	97	76
48	99	81	97	88
99	48	87	56	40
82	61	45	94	92
3	34	55	93	33
43	11	25	21	79
54	67	46	79	12
65	13	27	77	17
29	37	87	35	6
16	36	90	84	75
92	33	67	99	79
70	40	95	98	68
71	52	78	92	31
71	13	64	7	3
79	50	88	33	43
96	27	37	62	63
45	78	13	51	92
2	92	52	47	6
44	91	43	96	25
97	73	9	14	27
64	48	67	93	5
54	26	25	21	55
45	21	63	21	30
54	91	47	93	44
63	99	90	76	77
33	9	44	63	50
14	38	90	71	90
81	70	24	6	51
55	8	54	81	25
66	59	30	92	73
44	66	76	40	42
27	79	56	3	45
69	93	1	78	98
81	96	60	40	93
3	71	87	33	24
32	45	81	16	73
21	27	13	94	9
63	94	2	77	58
15	48	72	50	4
41	89	33	67	24
82	73	51	4	85
90	43	59	38	10
48	24	77	100	49
83	37	60	100	9
14	82	73	45	43
26	76	82	12	17
71	61	79	91	33
25	66	9	74	61
36	87	80	35	51
95	14	67	3	48
30	74	9	99	4
66	76	78	9	28
61	28	29	62	40
78	27	54	83	22
76	97	9	11	9
63	32	1	5	46
87	14	16	74	82
54	21	27	96	5
14	42	91	19	65
63	30	71	23	46
10	75	38	44	56
63	37	65	17	75
100	52	96	47	72
82	19	92	32	92
68	50	54	31	38
85	27	89	87	2
40	90	70	100	92
16	82	50	65	35
12	89	60	96	24
96	72	59	49	63
51	35	9	9	98
92	20	44	4	81
64	18	30	71	56
56	10	97	3	74
85	27	19	31	100
42	85	47	82	10
34	11	96	100	61
76	99	69	7	14
100	18	14	72	56
25	11	96	20	69
38	47	95	59	49
16	36	62	58	93
27	66	77	77	79
71	68	16	70	45
62	35	46	83	31
73	88	93	45	21
65	35	83	16	46
95	8	41	10	69
100	86	44	13	67
66	35	10	83	36
46	86	66	33	91
6	6	77	67	29
24	25	50	7	33
27	97	30	52	53
68	41	37	62	53
87	61	89	35	12
19	89	29	98	93
10	38	94	38	46
45	3	41	1	88
3	12	54	7	97
35	44	19	29	55
38	28	17	54	16
91	92	26	79	9
10	75	28	4	79
61	16	21	35	52
25	23	9	64	48
70	24	18	72	95
92	33	40	66	22
15	57	85	63	32
49	14	26	48	63
55	36	4	59	47
43	63	20	97	49
77	11	14	41	48
61	19	33	12	76
70	71	95	88	23
68	61	28	48	83
67	20	15	97	36
71	59	83	47	30
60	68	33	24	59
71	21	33	59	59
5	90	94	5	7
98	31	30	73	10
7	42	65	7	3
59	83	34	63	46
55	56	47	34	5
57	16	65	39	40
36	15	17	45	80
68	48	88	42	77
11	81	94	19	100
69	47	24	51	85
88	54	17	79	80
10	81	46	6	29
42	65	55	44	94
23	28	70	29	53
60	13	93	25	18
87	21	13	90	66
28	15	50	22	6
44	63	79	5	26
55	18	20	22	85
28	87	85	43	22
35	63	62	18	80
39	28	26	88	39
36	94	17	71	38
11	61	77	48	69
7	27	92	67	13
79	16	55	30	88
46	98	8	92	24
31	46	50	92	82
6	97	82	99	68
64	60	100	3	80
1	52	29	78	14
82	76	98	33	55
98	63	60	99	72
8	32	59	59	40
64	65	84	92	14
20	12	90	19	88
89	60	90	87	50
91	94	80	27	79
53	96	89	29	94
50	87	82	94	32
55	49	64	75	68
53	10	21	80	2
54	6	78	61	43
97	98	31	57	34
85	96	93	72	79
69	99	74	28	70
93	72	39	18	14
74	63	66	20	47
7	47	39	5	54
80	1	68	10	87
18	86	96	90	21
91	10	80	54	43
22	92	19	57	90
30	95	94	84	67
58	58	37	46	18
38	34	18	32	92
97	100	94	54	47
62	100	91	50	46
42	58	65	81	20
100	60	3	53	29
79	82	80	49	60
33	66	58	40	97
70	68	59	18	83
49	71	95	21	86
90	98	86	51	70
28	1	58	10	83
17	62	71	34	13
19	80	50	18	66
95	46	21	71	87
79	26	47	20	46
80	70	36	38	30
30	50	52	89	38
31	29	47	71	21
77	35	1	86	8
18	39	9	4	97
65	23	23	56	78
56	70	100	59	87
68	74	44	70	94
9	75	92	26	95
99	60	40	95	88
16	74	94	8	74
69	81	5	9	43
5	31	33	33	64
94	71	97	80	78
80	2	57	4	18
80	81	84	17	64
36	30	15	2	93
28	29	4	100	89
64	6	15	82	47
89	18	4	84	99
96	95	87	36	79
3	57	38	52	71
5	51	90	28	32
79	35	57	63	48
24	68	12	81	35
83	91	76	73	3
50	99	34	70	92
72	59	30	28	55
34	68	9	76	87
54	21	44	94	23
94	36	60	100	62
82	74	75	59	97
82	32	82	55	70
5	96	63	7	76
9	84	81	93	86
6	61	10	35	27
68	76	55	25	25
71	85	4	15	79
14	75	27	30	50
1	59	62	44	91
98	88	59	10	36
60	35	31	70	34
12	73	32	69	48
75	44	87	96	58
7	68	25	70	24
26	29	28	33	34
18	11	72	99	71
10	49	63	95	66
69	47	76	11	17
66	22	28	63	9
38	46	27	28	90
100	44	42	58	28
34	32	25	79	53
75	52	19	49	42
6	7	2	81	77
52	90	15	44	34
80	99	69	39	94
79	33	64	67	11
13	8	49	70	32
75	40	33	96	89
59	32	41	56	66
38	15	70	26	54
9	69	40	51	98
11	86	31	5	33
5	22	73	39	8
26	70	33	54	86
88	71	95	66	52
53	52	5	98	47
1	57	79	8	11
92	68	82	78	25
43	72	9	88	19
81	37	24	54	22
99	24	91	66	7
90	94	31	19	48
68	81	29	62	16
90	71	86	44	60
64	60	43	76	17
22	46	85	54	33
49	17	35	53	54
34	6	66	28	3
9	87	15	57	6
77	15	96	58	72
61	93	100	12	100
59	69	90	53	29
65	55	13	23	49
83	6	15	86	31
72	49	46	39	8
69	73	89	33	59
32	51	6	1	30
2	63	63	95	15
14	5	83	27	63
74	5	45	16	10
72	81	94	44	85
76	39	10	89	66
60	14	21	90	77
23	97	33	40	53
19	76	2	95	27
20	64	100	38	43
58	83	70	75	50
51	23	10	22	93
18	61	57	81	29
66	62	98	95	90
14	91	27	66	66
75	65	96	7	97
50	68	65	32	76
97	97	12	12	95
58	94	6	90	84
48	41	14	2	48
26	66	28	58	45
94	63	91	93	37
78	15	67	82	23
57	86	35	28	92
48	66	48	3	5
78	98	52	15	13
97	70	69	16	73
52	17	19	3	36
4	24	34	99	12
88	72	23	42	55
69	70	29	47	18
85	27	65	6	79
84	80	27	96	79
60	24	11	10	83
86	3	95	54	87
69	1	56	94	61
53	21	89	18	15
86	92	12	49	12
88	88	60	61	75
40	85	64	71	8
100	69	90	76	99
46	21	11	14	80
46	1	5	55	11
68	49	82	6	69
7	99	84	89	55
80	94	67	23	41
53	98	1	5	70
84	51	87	84	70
8	93	48	25	85
9	3	85	54	75
54	2	24	96	65
95	51	9	100	80
63	21	32	90	73
14	4	38	52	42
24	93	26	24	7
62	80	7	91	89
76	88	23	75	48
96	100	95	9	27
55	89	87	16	2
10	30	50	94	7
69	33	68	99	94
6	47	40	29	47
13	39	75	48	33
2	30	76	52	71
40	52	80	19	10
86	50	50	66	11
87	20	12	26	71
84	66	82	95	48
93	49	77	47	68
50	50	66	53	93
22	10	93	57	81
58	29	35	56	84
42	70	34	79	4
88	75	48	46	49
81	40	66	35	5
77	10	51	39	41
49	44	75	18	93
90	85	67	85	39
53	27	89	32	39
95	65	7	41	16
90	97	60	5	78
19	47	10	1	26
53	74	51	27	72
41	49	14	17	33
46	42	11	51	39
8	6	52	32	75
43	43	88	84	27
5	51	49	3	50
64	30	15	57	38
75	20	34	81	75
50	55	29	88	55
57	44	84	22	91
82	98	94	17	28
100	24	73	35	4
81	94	1	98	9
20	84	3	24	1
88	48	29	1	65
68	65	33	58	59
15	1	89	72	72
79	10	49	49	33
10	48	86	65	14
77	44	45	57	92
18	65	25	60	73
4	3	92	69	26
18	70	41	72	100
26	69	26	78	12
40	12	73	66	96
65	94	26	67	15
97	57	96	32	6
53	39	26	89	82
8	67	89	44	71
43	32	43	72	8
42	28	46	28	64
74	13	51	87	10
90	78	59	16	34
33	29	77	93	45
82	62	94	46	60
93	57	6	21	9
59	34	47	86	79
75	95	41	55	36
59	27	42	91	38
29	49	36	24	36
92	90	62	16	37
98	71	95	76	13
53	87	43	1	71
32	88	73	77	25
89	71	70	9	23
11	37	19	35	90
100	22	19	36	82
48	26	95	12	80
25	69	90	27	11
58	28	55	22	99
72	52	18	29	42
70	8	76	22	8
64	44	19	4	1
91	72	88	24	57
50	29	31	21	38
22	2	44	66	73
13	8	34	33	34
24	71	74	50	84
56	63	61	20	79
92	21	30	52	34
90	6	38	32	47
62	8	12	22	41
48	91	71	95	27
80	34	82	48	25
88	99	73	70	40
38	46	23	89	53
6	97	80	68	90
30	87	74	35	40
20	42	96	8	15
36	77	92	9	42
96	59	14	17	72
31	3	39	4	62
83	92	88	15	74
51	17	78	87	58
91	19	10	34	16
48	17	68	67	49
26	33	87	24	25
61	60	48	89	47
64	38	24	19	8
73	64	40	85	3
40	69	75	95	65
44	70	43	53	15
6	60	64	79	41
74	50	62	53	66
80	78	12	45	48
84	25	54	71	50
21	37	29	75	97
75	76	32	95	70
85	2	77	42	56
86	88	2	37	98
49	47	40	60	63
20	36	61	94	48
31	1	86	1	80
86	50	88	88	68
58	42	92	57	90
45	24	38	18	30
31	10	76	14	58
54	58	40	62	77
100	92	32	70	17
30	71	5	32	24
5	71	22	95	88
42	42	36	10	88
2	7	87	65	72
15	21	58	64	25
48	9	73	91	33
49	62	32	52	16
23	4	78	71	9
91	1	78	65	46
94	25	38	41	34
64	64	90	55	17
37	21	53	17	42
54	21	80	99	15
2	42	65	74	72
54	52	95	41	53
37	73	99	10	54
98	54	93	58	73
46	20	65	65	35
54	40	32	60	12
38	83	56	70	69
76	48	23	72	72
4	65	64	59	68
13	85	53	70	85
58	3	11	5	14
61	67	95	18	36
40	91	88	63	69
43	89	24	83	65
82	25	24	72	35
9	21	23	51	24
16	27	58	95	82
53	76	87	82	46
55	81	8	35	73
45	67	8	64	46
43	5	28	89	26
95	57	66	45	56
18	41	63	42	46
8	63	76	76	46
61	97	91	90	3
11	48	81	48	22
62	25	15	100	96
71	26	16	43	74
58	20	76	1	12
73	3	2	17	71
5	93	40	40	10
79	55	22	82	60
12	5	41	96	49
13	40	99	35	64
69	36	100	35	59
78	69	97	86	10
42	76	19	50	21
69	73	46	84	47
6	8	90	79	1
3	100	96	64	85
87	63	36	41	57
18	89	24	46	28
81	8	91	79	55
88	48	95	35	35
14	23	5	31	32
42	90	60	69	23
4	84	98	57	14
61	10	68	48	68
55	82	45	27	54
46	3	18	63	66
86	82	80	59	61
22	72	41	85	71
15	43	85	90	83
50	70	79	93	1
34	44	55	47	28
36	62	95	55	42
49	99	81	79	19
52	41	90	45	55
50	27	29	21	12
88	40	9	20	92
49	68	55	6	42
7	40	32	98	35
71	55	40	38	87
80	82	35	62	39
62	98	13	26	61
41	73	76	48	91
56	16	42	30	44
42	4	64	72	17
53	42	42	27	36
95	55	80	16	71
1	16	54	46	89
11	17	31	38	30
30	3	74	31	17
35	34	85	90	49
75	94	11	80	72
98	23	74	98	67
22	84	87	53	80
88	2	28	47	86
63	53	25	54	15
48	29	47	63	4
26	93	75	31	8
3	31	92	99	69
8	19	14	45	50
44	82	68	92	69
66	7	78	6	22
77	87	15	36	36
19	66	76	40	67
74	63	29	62	21
22	50	92	33	89
56	1	61	61	59
66	2	62	62	21
65	3	2	84	97
44	40	55	44	41
8	73	20	68	1
75	7	12	81	22
77	1	42	38	57
24	24	6	4	23
27	75	43	93	4
9	56	36	27	98
68	81	10	15	60
65	6	5	49	65
40	78	62	83	96
8	44	31	63	36
12	93	66	69	40
64	70	8	15	51
97	28	66	48	95
47	25	85	55	64
4	41	25	9	53
87	84	76	73	65
24	95	20	37	97
78	51	26	41	65
97	5	66	44	41
77	83	80	26	50
17	70	28	2	62
33	34	91	54	27
85	12	82	6	89
40	1	83	99	64
47	50	51	55	3
94	34	5	91	50
57	54	36	65	77
44	12	63	60	7
62	13	38	60	46
13	75	67	52	25
2	20	82	77	13
75	69	36	77	94
60	73	89	26	3
11	28	80	52	14
17	25	68	10	8
13	9	77	41	71
39	69	12	71	27
48	79	7	81	95
98	6	63	8	93
30	39	17	95	74
21	26	93	56	53
83	19	86	90	45
10	32	28	97	6
1	48	95	67	62
74	2	53	85	77
42	70	34	45	54
66	46	48	16	43
42	89	22	65	75
89	22	56	33	54
12	58	12	8	44
97	21	3	39	83
63	22	34	39	23
91	59	24	54	1
7	48	32	70	63
98	7	38	36	65
10	60	99	49	7
5	43	41	5	65
75	78	49	85	55
43	79	14	47	67
83	10	42	32	57
72	46	100	98	88
22	27	4	71	79
98	43	80	90	71
74	19	24	57	93
46	21	27	32	4
23	25	87	97	26
27	97	7	44	41
40	9	14	50	28
96	27	42	3	81
97	80	16	67	41
16	90	92	75	51
5	92	73	68	89
21	84	39	70	93
82	57	30	59	9
32	64	3	18	39
81	79	9	57	14
59	90	33	45	24
21	91	92	39	3
71	80	55	14	63
64	54	28	2	21
57	47	3	63	44
12	47	10	51	1
23	27	47	99	4
18	23	8	36	25
2	57	6	39	55
19	66	6	33	20
22	42	99	19	62
71	83	32	94	54
7	74	20	85	67
82	42	38	8	2
21	63	49	13	2
17	14	67	58	70
41	88	7	30	36
91	57	95	38	17
7	70	88	39	82
5	23	37	38	63
100	40	6	24	50
10	85	25	9	2
85	40	51	85	23
90	27	17	57	40
5	19	68	77	75
67	99	18	91	87
77	60	7	18	32
51	36	15	61	17
21	99	7	54	34
23	36	9	78	52
31	43	13	30	81
76	55	34	65	98
84	38	72	11	4
92	59	2	67	68
10	25	96	8	21
9	54	29	8	97
58	46	27	60	36
93	93	66	52	39
80	47	68	18	13
2	25	61	86	77
10	18	14	78	26
74	20	14	71	11
15	3	43	32	100
78	73	42	7	27
86	84	88	70	31
78	8	85	82	34
23	96	67	14	94
57	24	24	3	7
57	80	54	63	82
36	30	20	79	66
33	89	48	5	17
71	23	4	35	57
32	99	46	78	20
84	67	21	54	10
43	13	85	27	26
62	77	100	43	32
64	25	19	69	94
80	34	8	37	21
65	6	63	69	84
11	44	95	77	8
29	52	40	17	12
7	83	84	90	30
21	33	72	42	80
62	59	11	68	44
30	1	83	87	22
26	8	52	44	16
24	70	55	17	83
70	93	99	58	78
48	38	56	38	55
23	7	13	17	33
72	100	7	92	13
7	81	99	95	97
5	45	80	43	52
65	74	42	28	74
66	85	97	12	23
29	48	72	9	4
94	96	9	53	13
73	52	63	31	3
40	69	7	70	17
24	85	17	62	6
91	81	49	96	76
70	61	96	81	45
85	98	67	46	38
4	6	9	92	83
31	84	93	83	6
20	75	44	62	52
43	50	32	77	28
22	95	31	70	14
53	57	68	87	100
26	56	57	79	47
72	11	18	75	71
61	26	38	86	37
27	86	30	47	54
92	61	71	38	92
49	69	93	94	67
78	39	75	41	74
27	41	60	5	18
62	27	98	86	98
17	38	58	93	22
12	13	100	91	10
78	60	55	50	82
55	2	89	13	70
82	41	97	25	31
78	3	17	16	97
11	97	95	54	28
42	8	19	46	44
48	100	34	49	51
33	22	70	76	83
61	95	48	91	2
73	100	23	62	10
35	53	4	72	43
53	59	89	73	9
92	5	97	49	92
36	64	7	86	33
77	30	53	13	2
23	17	85	7	65
41	73	88	28	9
45	28	51	12	76
82	10	92	59	89
67	37	31	15	11
89	94	10	59	56
77	40	39	52	39
96	50	64	15	24
69	37	33	19	5
18	67	95	81	85
89	74	55	28	58
12	83	98	5	85
39	56	10	52	55
71	40	97	35	32
48	82	65	8	94
34	72	56	52	51
4	99	94	30	97
6	21	73	32	60
87	30	89	10	46
25	49	100	39	59
65	11	57	83	36
58	69	96	74	99
82	80	17	80	77
48	59	54	33	53
41	6	44	1	44
47	47	72	27	2
98	53	41	28	91
80	78	24	84	20
2	26	55	76	18
6	8	100	74	83
50	89	16	31	6
75	6	2	54	40
35	29	66	85	66
59	73	40	71	46
55	9	31	79	12
8	47	14	6	71
11	18	12	67	56
41	59	21	47	3
73	69	68	56	58
52	7	52	21	41
27	95	44	9	30
27	82	40	68	5
6	78	26	8	42
63	36	60	30	22
62	6	12	36	52
63	7	87	29	91
36	87	3	70	55
13	41	25	80	32
64	25	21	57	98
97	90	2	13	64
49	70	59	56	69
91	63	99	54	98
95	52	2	51	17
40	1	66	41	42
17	92	46	84	89
88	48	42	64	81
19	68	20	34	17
52	57	94	17	54
87	2	20	68	60
99	34	33	39	98
81	94	53	41	87
36	70	97	2	82
36	23	79	45	69
16	13	90	21	4
53	10	91	59	76
9	89	10	64	15
56	48	38	40	26
38	56	92	85	15
38	13	75	38	59
2	22	53	77	57
86	32	67	100	83
29	61	24	52	2
52	1	59	35	96
29	21	73	34	66
44	85	21	40	1
81	46	99	14	99
4	96	25	17	30
4	53	51	62	5
70	44	61	7	11
27	35	92	56	73
61	83	32	72	90
13	26	94	88	81
67	62	97	49	87
8	3	37	35	40
48	52	12	63	27
50	75	68	1	85
100	83	87	97	30
43	2	50	55	90
65	99	86	69	45
76	98	46	97	37
52	98	18	100	64
62	35	29	84	25
64	100	87	45	36
10	3	6	32	21
5	92	98	94	9
13	21	78	84	85
74	86	28	94	54
19	53	28	13	93
1	57	45	5	10
36	19	16	59	23
78	1	1	7	43
9	66	64	100	62
68	56	69	15	53
49	49	56	96	9
69	11	39	82	78
88	38	71	39	46
96	49	69	43	84
87	91	22	71	93
55	79	78	29	97
37	71	37	63	1
69	39	82	2	2
30	63	63	3	38
79	35	39	38	51
84	19	88	13	47
47	17	94	52	92
89	83	15	64	56
63	9	74	59	87
78	27	68	19	47
25	89	30	97	24
92	95	28	17	71
85	40	39	58	67
35	48	64	43	41
73	46	83	6	42
27	42	73	66	79
87	26	99	84	19
66	7	26	29	5
42	77	22	35	73
7	25	51	1	4
56	68	85	64	70
28	52	70	12	30
37	45	12	40	53
87	67	22	21	36
27	11	12	24	74
28	15	63	97	51
75	16	57	22	68
67	59	17	41	18
67	45	8	14	4
33	40	25	78	93
95	80	56	63	73
13	87	39	32	70
47	52	92	76	54
35	95	38	16	50
41	66	97	60	95
74	48	5	84	20
77	31	35	16	9
46	91	54	69	40
81	26	46	25	21
28	18	33	77	95
57	97	25	54	84
8	27	62	14	55
91	61	53	6	63
77	3	23	19	24
85	36	37	15	34
37	29	85	90	86
6	72	66	61	5
82	8	53	45	34
55	9	15	18	86
35	66	55	51	49
87	60	9	96	91
93	27	28	31	31
62	63	69	95	40
28	62	5	18	51
55	29	44	16	68
29	21	67	95	57
11	11	89	66	42
35	28	15	89	47
52	90	57	70	15
48	82	73	53	10
14	8	23	13	9
33	12	18	36	2
12	99	19	32	21
26	81	69	85	82
91	81	18	25	60
9	33	29	77	56
95	55	53	43	55
55	7	4	4	39
12	34	81	34	42
3	43	57	92	51
48	39	40	33	30
37	89	92	92	100
70	51	8	54	84
31	98	62	4	14
18	36	64	51	4
100	9	63	16	12
25	67	90	41	75
8	10	63	70	59
53	94	93	28	91
49	24	23	9	75
10	31	93	96	87
67	32	77	76	93
87	52	41	10	35
80	26	11	77	50
42	78	88	53	16
55	86	27	75	20
90	7	11	37	3
25	40	85	43	3
41	42	69	23	89
71	86	42	44	23
52	11	36	67	98
5	1	55	65	84
21	40	65	27	18
12	8	55	95	2
96	56	88	98	90
41	35	68	69	54
44	89	79	100	23
1	80	56	88	8
75	56	10	11	71
34	49	66	42	54
16	24	5	14	46
8	4	7	8	34
62	32	77	79	45
66	70	50	14	89
52	48	55	88	47
18	95	10	97	84
76	63	85	23	11
100	24	58	70	79
37	85	10	3	71
4	33	85	82	29
86	60	59	10	67
54	29	82	90	21
33	66	17	71	76
17	89	10	63	1
33	14	36	5	44
54	22	81	1	9
12	40	32	27	91
47	50	29	50	56
5	96	12	6	47
39	73	81	78	16
65	5	12	68	53
82	54	78	51	15
27	45	39	21	47
23	47	19	9	19
79	74	12	67	8
71	80	11	67	76
38	18	98	18	71
58	55	10	95	53
38	79	91	78	40
79	41	51	32	15
16	12	47	15	32
60	27	60	27	96
7	29	49	78	28
92	33	73	17	73
33	55	76	95	21
23	57	60	45	81
42	80	35	71	78
63	42	6	83	32
58	68	96	47	55
79	95	88	58	55
94	76	37	7	14
63	100	91	56	17
37	51	18	39	49
53	8	75	40	17
21	34	50	39	79
28	48	70	59	33
33	34	94	34	48
52	91	34	29	62
24	63	41	62	50
59	8	30	24	96
45	23	90	97	66
97	97	27	83	34
35	100	36	28	7
4	48	18	49	83
16	51	26	100	61
64	4	35	86	77
34	70	80	1	68
66	23	72	26	64
28	24	26	78	23
64	15	16	10	84
100	69	3	66	76
83	24	38	70	66
53	37	71	7	41
25	51	38	91	78
16	10	9	9	33
60	3	79	68	14
10	61	5	27	58
15	84	17	10	47
70	17	35	33	13
72	3	34	16	29
17	90	96	71	73
85	78	93	71	89
10	76	91	92	59
11	41	34	13	48
51	100	55	29	81
32	93	76	73	79
53	78	45	74	23
48	84	25	28	72
8	23	79	16	21
58	90	1	65	83
48	9	34	48	71
71	13	53	94	45
62	77	80	15	85
15	30	77	60	32
1	30	89	47	18
76	56	47	71	85
56	41	94	79	89
43	80	10	80	10
5	13	78	52	12
90	88	16	31	7
87	81	74	92	6
55	13	37	31	94
50	50	19	17	53
38	75	54	53	100
12	19	9	51	25
37	18	32	99	25
36	92	59	37	71
27	36	36	59	95
87	55	43	100	96
29	40	79	26	20
42	93	66	11	30
97	67	82	1	38
59	65	89	98	92
44	18	17	81	50
2	4	16	45	27
47	26	46	79	87
93	73	71	79	72
47	18	11	63	45
96	58	41	91	58
29	17	70	56	14
1	6	43	10	17
49	95	33	54	26
94	57	9	80	77
67	89	18	61	80
50	65	31	20	88
64	43	93	7	35
42	16	98	50	92
38	38	37	73	81
82	67	88	84	20
38	4	25	15	90
36	62	3	65	12
94	99	47	62	29
91	97	87	50	72
81	95	39	46	84
90	91	23	22	74
66	53	34	40	83
95	44	34	3	85
52	45	66	62	78
2	66	89	18	15
94	99	46	24	85
88	64	1	51	73
68	32	65	4	54
99	38	70	97	46
26	24	17	16	18
36	38	65	92	53
21	4	39	98	81
36	14	6	84	32
24	27	100	45	40
88	53	17	30	79
78	68	80	51	75
32	7	7	55	74
52	94	27	70	58
76	74	73	48	83
70	23	40	23	59
59	71	57	77	45
94	15	82	27	54
45	13	91	40	59
9	16	81	95	90
71	55	75	71	55
34	14	53	43	18
82	94	17	18	88
16	94	56	51	59
73	72	85	66	91
35	16	78	13	81
16	56	21	84	3
33	66	63	49	27
19	19	62	87	23
32	4	86	78	24
4	11	43	39	50
59	27	68	28	84
17	18	53	36	6
74	93	100	63	12
47	46	17	85	47
2	75	75	31	60
24	30	37	84	22
75	85	91	83	41
60	36	36	68	70
43	26	60	78	2
75	66	89	31	96
61	52	14	86	79
20	58	67	52	1
23	16	13	88	81
100	56	71	40	86
4	2	92	45	66
19	21	46	22	37
75	17	61	47	78
94	45	88	46	72
44	13	56	18	77
5	57	49	13	36
29	90	62	100	4
69	9	14	53	26
29	50	34	70	15
83	29	16	45	11
54	11	68	74	7
63	21	95	51	33
26	58	10	26	59
1	98	83	51	74
62	60	44	29	92
25	34	67	62	1
2	73	85	15	97
23	2	92	63	37
77	65	58	97	64
9	24	78	31	19
68	27	22	86	84
10	92	86	69	55
6	34	77	52	65
17	85	21	79	55
72	16	97	99	21
66	98	90	17	13
47	41	16	17	83
21	38	97	78	9
84	62	6	63	93
95	9	32	72	86
2	43	62	9	99
43	60	81	70	10
41	37	38	23	87
7	58	36	52	51
23	52	2	84	60
4	1	51	59	13
77	6	1	21	80
43	30	58	45	30
62	32	66	95	20
84	62	33	17	71
5	45	18	20	78
1	98	69	44	16
78	91	48	34	10
8	25	83	86	66
62	55	57	43	60
51	69	20	82	58
64	60	66	31	19
48	51	99	10	73
33	57	78	39	32
86	77	45	100	42
90	12	98	39	54
93	20	79	75	25
74	83	58	36	30
21	85	76	66	81
39	99	62	71	63
63	71	55	69	11
2	68	18	21	58
94	31	85	48	35
58	9	90	55	27
93	74	52	50	75
66	39	88	45	33
41	36	2	15	23
43	23	54	37	85
50	78	32	35	87
79	5	100	23	54
78	19	13	91	56
69	31	84	45	87
83	74	15	67	73
13	38	21	38	39
76	81	54	44	28
23	82	46	55	27
35	48	21	45	58
85	84	91	39	98
48	27	23	99	53
61	86	76	1	44
93	2	36	10	33
57	52	74	86	57
74	86	14	84	1
72	37	21	94	18
87	38	82	72	98
25	46	52	1	38
60	75	89	32	7
2	45	3	4	81
25	30	1	42	48
41	34	50	17	3
4	100	86	78	98
23	39	26	96	6
16	53	91	77	11
51	76	52	90	87
93	98	87	47	78
26	71	34	86	59
79	62	23	8	96
8	84	4	73	52
56	74	79	32	25
23	50	26	10	12
90	49	73	75	79
51	31	67	76	4
83	56	92	76	75
82	77	76	19	76
97	31	86	91	100
20	36	27	60	76
24	6	68	39	51
51	72	81	73	39
23	38	66	57	18
15	70	77	82	13
15	4	44	78	68
97	37	27	34	32
6	70	48	82	44
41	92	37	43	43
57	21	18	5	14
39	57	20	93	25
11	89	99	9	70
18	16	98	19	54
77	50	44	87	40
76	14	20	17	44
82	38	38	38	55
54	3	24	65	80
6	52	69	95	84
60	23	55	4	31
69	60	81	20	62
90	97	17	20	42
69	52	42	87	12
78	98	92	92	33
58	47	24	98	48
16	24	19	99	89
59	70	96	18	31
23	30	44	27	68
16	96	20	73	38
74	60	69	43	39
39	3	15	34	67
46	84	95	89	15
42	36	39	91	70
39	51	11	80	39
85	33	94	59	87
21	23	59	76	88
71	74	8	73	6
40	45	49	1	99
76	23	25	23	61
68	95	80	32	4
72	39	13	12	57
85	5	3	74	80
7	16	84	39	66
50	3	7	59	84
14	42	45	90	79
74	40	58	81	97
46	23	7	47	48
42	63	46	38	72
2	17	40	68	52
58	10	22	35	25
84	64	45	21	92
84	30	92	38	56
40	51	35	68	31
91	46	75	86	33
26	43	24	1	76
84	11	46	36	24
47	63	61	91	72
100	66	76	3	72
87	72	54	91	96
58	1	77	73	30
42	3	80	43	67
59	38	61	31	78
62	87	32	70	2
45	41	55	94	21
72	8	29	85	10
64	57	40	18	26
72	21	61	40	29
88	91	63	85	9
12	97	75	79	62
24	39	98	69	56
71	45	44	23	77
27	48	26	24	62
29	86	25	76	11
72	25	74	90	38
89	95	5	42	55
42	57	75	89	93
1	53	73	60	51
24	75	77	26	98
9	45	73	47	94
79	7	22	53	72
22	28	51	75	4
25	93	93	19	54
40	6	34	47	100
44	77	91	41	37
95	45	22	46	9
49	5	86	83	47
99	51	97	25	97
41	6	14	50	36
17	12	32	49	92
53	49	87	2	81
46	36	73	23	45
98	64	84	33	2
57	36	49	28	63
73	62	37	94	82
51	56	58	60	92
80	89	52	39	99
72	67	42	5	86
15	55	28	65	78
4	93	2	58	100
15	41	86	67	100
98	95	27	30	46
77	69	45	57	89
75	91	81	96	67
73	7	31	18	85
45	75	84	77	36
5	20	72	5	15
86	31	7	91	85
29	14	15	1	15
13	51	38	93	23
64	83	80	22	67
81	70	23	74	14
19	57	43	74	84
62	48	15	26	59
90	87	89	44	61
8	85	57	43	8
87	21	13	26	92
9	73	68	21	20
18	41	19	23	31
29	34	68	90	76
1	85	41	20	44
87	71	10	64	28
1	21	84	16	95
25	87	25	27	53
20	98	93	39	11
81	84	19	46	49
4	47	100	81	29
85	82	54	69	5
50	86	76	4	95
33	79	79	52	74
90	70	91	78	76
14	30	24	8	19
91	71	14	31	99
89	46	48	53	11
28	55	13	60	58
50	42	76	4	15
70	8	38	42	88
4	84	50	60	49
96	52	25	92	32
15	57	55	33	35
71	84	79	42	56
45	4	21	11	31
55	86	59	32	62
5	14	24	82	18
38	71	78	12	55
3	28	57	40	76
56	71	32	12	94
47	7	79	57	18
98	31	25	26	33
98	65	69	37	96
36	26	80	20	95
75	98	20	24	3
81	58	70	78	58
30	83	75	53	96
1	38	11	10	54
29	31	55	16	99
28	80	37	29	24
41	21	53	1	29
37	23	47	26	13
9	34	60	72	8
84	63	97	39	58
58	93	47	62	78
58	28	69	85	16
18	7	32	28	64
9	82	47	94	15
86	65	39	53	35
2	51	96	46	39
77	33	7	44	5
75	72	4	7	64
94	68	58	31	81
66	85	50	96	6
30	10	38	45	30
20	96	36	78	61
75	29	19	41	62
6	39	10	98	8
89	18	75	36	37
2	96	36	29	26
78	19	12	91	87
10	17	71	12	55
91	81	90	24	12
97	4	20	86	25
86	42	4	6	88
26	50	6	3	35
6	65	72	39	93
31	95	99	98	74
92	32	60	6	96
32	27	95	88	87
44	7	85	32	76
87	98	21	48	5
25	81	100	75	32
33	26	19	74	46
30	2	31	54	67
55	14	50	37	81
53	74	71	71	1
1	9	32	29	75
4	57	3	40	36
49	76	9	87	38
16	67	7	60	90
7	63	73	90	35
90	66	67	51	21
99	44	60	66	30
23	19	87	49	17
44	90	92	27	87
27	22	71	89	49
1	54	98	30	21
30	72	26	32	40
24	2	68	79	35
20	19	56	46	20
8	89	7	84	92
62	65	64	98	74
16	54	85	88	21
67	52	97	38	92
14	71	45	1	62
67	58	38	87	15
74	92	98	10	49
9	72	66	17	37
5	5	42	90	7
31	54	84	83	75
54	81	4	98	52
8	77	80	82	92
22	1	96	83	28
82	54	66	4	36
23	76	72	90	84
30	39	7	98	80
70	74	37	33	22
75	39	1	32	54
70	62	24	73	53
47	27	16	60	12
57	24	32	12	79
52	96	3	57	24
38	69	42	23	10
47	53	80	96	80
85	91	90	37	61
43	93	42	28	50
91	68	97	74	18
45	14	2	19	74
25	90	91	37	19
89	26	1	90	48
96	87	52	28	69
47	53	80	25	81
59	26	58	59	20
2	62	37	65	75
82	22	97	7	60
96	19	9	10	2
70	12	89	49	19
84	20	54	40	100
23	13	19	71	40
11	72	72	35	11
48	20	47	11	23
98	28	48	33	60
37	64	95	67	51
65	95	69	1	34
64	19	54	88	93
15	1	66	67	76
59	66	66	19	9
23	30	47	33	91
64	31	40	17	47
13	89	25	65	69
5	24	54	89	73
87	17	88	72	70
82	44	59	12	16
95	46	86	12	62
78	52	48	60	86
47	3	91	25	20
40	40	35	86	60
16	80	20	71	81
39	19	46	95	87
12	91	8	6	19
30	13	31	66	1
17	71	67	56	73
71	81	45	27	29
72	64	63	50	40
20	7	81	94	24
50	25	77	19	29
84	80	26	9	2
36	25	40	2	35
47	13	50	53	91
12	92	66	53	17
2	48	96	73	26
23	35	64	83	61
57	47	41	99	57
15	17	10	16	84
76	42	84	23	40
28	94	54	23	52
70	7	46	6	14
34	55	16	94	28
93	42	2	85	75
56	49	91	28	88
42	34	9	40	86
34	98	67	21	7
98	88	15	84	29
48	45	93	17	68
43	48	88	54	13
25	63	5	28	50
30	48	52	36	47
60	95	58	17	7
42	50	33	70	53
87	16	29	5	55
11	6	58	46	75
76	30	23	65	61
1	25	11	54	51
97	17	64	49	19
24	94	30	34	69
96	92	49	3	23
18	91	53	2	85
9	71	95	24	46
77	50	80	9	88
19	96	18	97	65
4	86	3	71	2
46	40	87	13	65
20	40	86	51	24
93	66	61	6	38
63	92	64	67	72
81	48	9	97	22
16	16	69	6	65
79	64	16	86	77
86	65	8	20	34
8	17	25	28	32
6	27	31	77	52
39	73	22	91	65
23	8	64	69	21
57	2	33	5	9
57	39	43	69	59
55	12	88	75	13
71	42	33	44	86
70	5	69	17	46
17	40	68	59	5
47	55	99	84	17
40	67	28	99	86
55	1	44	94	10
59	33	10	70	11
20	64	36	28	73
72	14	98	91	86
55	59	96	1	47
52	29	18	46	4
91	86	33	29	97
13	8	6	39	34
83	40	33	3	61
76	99	65	15	51
77	54	25	46	73
96	97	17	26	19
22	52	86	44	72
61	85	58	57	78
13	44	25	36	5
35	27	23	56	1
48	63	96	65	14
87	9	2	64	86
12	22	79	5	64
4	36	71	24	40
22	45	86	31	66
85	87	80	45	27
35	63	29	39	76
30	41	100	85	61
27	51	71	20	89
84	7	42	57	10
74	6	44	64	36
39	40	37	86	87
52	8	98	13	81
23	100	44	63	92
72	10	29	88	61
86	96	5	58	53
66	49	24	40	89
51	29	7	32	49
39	96	57	17	74
89	32	61	78	53
13	76	18	33	75
100	64	6	43	39
82	58	78	81	48
65	7	51	42	70
36	88	56	15	15
82	98	28	9	66
2	73	100	4	10
27	37	81	5	45
63	99	45	88	93
23	93	3	61	68
94	49	97	12	14
60	27	74	83	46
43	51	65	13	82
89	12	52	78	95
65	88	77	92	44
55	90	40	26	68
38	55	89	10	58
65	39	95	85	57
41	62	45	94	11
99	84	96	57	55
38	27	19	5	42
29	14	75	22	46
72	11	66	71	62
11	21	34	7	39
10	91	68	17	91
95	19	100	29	19
22	40	4	56	77
69	96	84	19	24
6	71	24	40	60
14	34	17	68	87
71	22	100	71	21
32	29	96	86	50
46	10	97	39	95
28	64	26	35	66
30	32	50	6	24
19	57	8	73	44
13	2	97	61	49
53	34	9	52	67
67	84	82	6	29
18	32	12	13	44
41	41	51	9	15
14	17	30	29	72
76	87	11	51	68
97	44	38	64	11
29	55	44	46	54
3	50	40	96	68
10	99	94	85	52
41	52	89	37	78
64	70	27	29	3
66	76	88	74	1
41	90	62	6	67
80	79	84	56	99
40	67	6	54	88
47	97	30	88	22
59	13	11	75	32
48	81	27	58	17
43	84	5	12	97
33	36	88	18	96
22	70	30	32	55
77	26	28	86	70
39	66	62	26	3
26	11	18	97	39
83	100	50	44	100
59	37	81	9	59
82	66	8	85	6
3	25	96	61	70
57	25	57	23	25
87	6	12	57	94
61	26	81	42	93
10	9	85	27	80
99	23	98	4	64
96	61	70	56	54
84	58	22	86	45
22	73	94	4	59
36	100	61	20	26
4	31	44	66	34
42	97	20	53	36
63	2	47	31	4
99	93	94	65	56
71	21	59	53	85
10	32	35	90	93
52	96	72	5	16
9	12	88	15	69
11	54	59	60	37
92	8	70	78	41