200 50 25 20 1
93	25	14	20	94	64	27	92	87	50	85	49	70	54	16	12	76	9	100	52	86	17	7	73	53	42	37	94	42	45	71	75	64	40	70	66	85	94	9	8	77	73	83	55	16	98	46	15	47	98
83	61	59	48	31	89	28	80	19	91	4	94	70	97	3	88	32	39	39	16	51	12	97	80	45	5	36	100	22	13	27	36	33	6	60	43	40	29	17	58	30	82	75	82	29	86	74	68	89	77
98	50	2	22	59	8	72	17	20	40	60	42	43	44	15	15	26	55	43	66	83	41	49	46	37	93	6	80	30	18	45	46	17	9	87	83	83	70	12	95	98	59	98	91	85	79	18	11	100	19
70	63	38	67	22	70	44	5	50	25	49	7	86	89	12	52	83	86	90	77	39	31	21	91	16	15	55	69	11	10	66	96	32	60	27	55	18	38	51	53	87	20	38	88	8	77	4	61	99	54
88	84	88	15	54	53	87	28	14	35	87	1	46	24	43	44	21	37	16	25	42	60	87	93	82	72	17	45	10	81	1	78	32	94	94	33	5	92	51	23	74	40	69	20	31	88	63	6	13	45
4	28	79	65	81	59	21	17	40	23	62	45	62	14	51	49	83	62	58	25	66	93	47	18	12	67	95	17	40	3	92	91	55	75	61	10	31	34	47	70	31	26	95	38	22	76	94	68	41	59
81	21	65	76	20	8	15	27	30	76	57	87	61	67	48	66	77	45	62	51	23	33	99	4	63	81	58	15	62	60	60	61	29	18	37	65	89	38	21	53	92	21	23	85	84	61	58	22	24	58
95	19	1	99	92	26	55	21	56	26	5	55	56	53	40	34	3	33	40	18	95	94	12	67	46	46	100	49	96	48	38	76	99	27	39	94	5	17	97	96	63	89	27	70	2	75	58	32	30	11
91	39	84	83	63	66	34	1	84	6	29	57	84	63	17	85	57	100	44	27	86	39	79	53	92	50	14	91	78	91	74	14	13	96	31	90	13	83	100	57	1	23	94	74	65	56	5	6	76	78
26	84	70	71	43	76	11	32	30	48	91	81	49	84	27	92	59	60	13	79	3	78	42	62	42	98	91	41	79	36	44	15	9	65	44	78	67	67	16	74	50	79	96	26	70	53	72	55	20	88
37	34	39	71	72	10	15	34	21	29	11	63	1	91	53	43	19	41	5	24	52	47	55	3	24	30	13	84	58	14	2	14	30	74	16	25	40	31	74	59	85	85	8	28	35	45	41	28	20	34
79	60	67	28	24	84	60	69	72	40	42	18	62	65	32	76	56	40	62	31	91	47	31	67	23	84	76	73	83	32	5	48	20	60	28	74	83	80	95	50	66	95	53	15	44	38	99	51	89	7
86	43	27	17	100	32	84	64	56	85	80	83	12	48	77	58	94	35	66	15	52	91	57	26	27	83	10	65	71	38	18	48	81	50	15	44	42	61	86	12	28	1	73	9	2	90	83	68	24	98
46	84	54	43	48	69	37	5	36	59	86	44	31	47	38	11	67	46	24	25	10	28	75	71	28	40	98	33	37	58	63	82	31	70	85	3	54	1	67	69	24	100	99	90	80	72	52	91	93	85
10	69	67	16	12	75	79	70	59	24	16	54	13	18	95	96	56	16	89	6	32	100	58	13	73	84	75	17	75	33	73	92	37	85	22	62	50	64	67	65	43	79	99	45	49	92	50	69	26	64
66	66	22	13	28	85	24	88	33	71	69	94	81	7	40	20	34	40	9	48	10	95	47	65	79	98	100	91	20	46	3	37	30	57	9	54	68	78	94	21	15	73	54	63	91	65	96	96	33	89
93	22	55	73	52	42	97	21	69	46	52	81	42	11	49	36	87	38	49	9	23	5	98	42	27	21	10	90	20	9	49	89	32	16	26	4	16	81	23	60	27	31	86	20	3	54	87	16	11	30
80	4	63	99	65	78	100	62	10	2	46	4	92	11	27	90	33	92	5	81	47	66	29	24	15	84	30	63	13	63	72	73	74	56	98	68	19	57	21	56	67	35	12	10	62	81	74	45	34	84
80	40	25	13	27	7	39	19	80	48	93	40	11	37	48	51	100	14	69	74	78	9	87	37	58	1	17	90	8	67	75	9	2	77	91	64	37	39	86	82	88	87	20	72	48	16	7	45	83	85
94	72	15	89	3	51	17	82	96	53	75	37	42	21	29	21	6	57	62	55	93	84	96	71	29	7	62	47	28	23	35	46	78	45	13	10	93	11	12	27	80	18	14	32	61	78	62	18	84	14
37	40	35	61	9	26	70	53	23	76	71	76	72	42	5	10	45	46	98	82	20	95	73	98	47	63	59	45	92	3	45	48	52	45	37	17	60	60	51	47	58	69	65	58	79	81	18	40	100	77
25	41	87	27	78	84	29	63	100	46	79	96	56	9	28	81	58	5	77	7	68	45	67	74	97	67	59	16	33	66	4	43	52	34	8	16	98	41	57	25	48	80	76	71	69	20	8	27	40	9
44	95	6	2	71	51	35	7	14	96	65	8	26	3	95	80	78	32	4	95	24	95	85	76	45	27	15	18	44	91	27	22	2	62	17	45	8	66	46	8	15	84	64	64	45	82	23	61	39	92
37	25	68	42	97	36	97	39	22	52	4	96	28	7	3	46	7	73	84	14	91	20	48	48	7	5	98	40	62	31	46	60	56	42	68	57	12	8	21	59	48	89	41	29	59	49	64	73	45	9
40	26	3	70	80	23	42	80	25	71	38	28	96	40	20	20	16	60	78	10	49	32	78	71	22	49	1	72	6	16	29	68	60	30	12	13	3	93	27	23	45	78	61	62	84	74	50	89	64	40
4	50	93	88	91	81	93	96	42	93	99	35	13	60	91	72	44	40	99	57	30	65	52	67	27	59	49	87	94	43	89	27	36	81	96	2	64	84	26	67	60	28	95	54	37	96	14	54	39	38
27	43	52	96	92	70	12	67	74	17	10	3	19	40	27	4	81	9	31	9	85	95	45	88	95	8	26	48	80	44	59	65	42	67	62	89	23	46	45	48	55	56	53	2	33	23	80	39	4	74
13	30	48	88	46	90	87	80	78	23	19	31	67	16	87	16	60	98	34	20	46	89	45	19	79	24	90	22	19	100	54	46	35	53	62	66	30	43	100	70	19	85	74	57	38	41	82	30	81	75
88	46	3	71	44	35	43	9	4	1	57	6	57	75	56	74	37	97	26	80	45	32	38	22	18	20	23	52	95	60	78	54	17	92	94	73	15	52	77	60	54	98	88	66	2	89	51	75	90	5
46	32	65	64	20	92	29	84	95	9	90	8	91	38	55	73	37	25	53	19	50	53	30	80	70	99	89	42	84	29	21	52	64	94	81	68	93	55	28	30	52	98	49	20	96	42	61	23	13	49
68	81	69	88	35	94	47	45	59	24	87	60	5	90	13	88	34	7	73	44	22	49	4	83	34	21	88	17	78	82	45	5	12	91	94	46	5	67	12	31	45	11	4	92	30	5	80	6	13	49
12	81	18	66	26	4	8	40	24	60	70	44	10	51	59	71	14	64	99	77	4	55	8	4	39	15	36	85	80	77	42	3	29	82	10	6	90	79	34	48	24	13	33	14	48	1	76	69	28	72
32	70	3	1	50	59	1	84	66	39	48	79	60	50	43	63	2	38	85	83	84	4	67	3	15	35	9	87	47	17	3	67	72	84	87	41	18	86	39	46	73	7	45	31	38	76	60	61	28	33
95	2	50	98	24	18	91	55	84	47	16	49	77	86	63	45	45	26	59	76	16	45	53	87	66	30	7	44	59	3	1	66	4	25	20	98	69	24	30	35	91	87	5	11	88	4	64	17	5	11
87	17	55	4	22	44	73	92	68	63	68	70	89	26	16	90	37	46	18	29	64	37	11	82	12	65	24	70	16	39	10	98	63	9	38	62	51	73	24	51	60	21	34	60	72	84	49	82	96	23
20	55	3	91	72	41	2	4	28	33	31	90	100	55	11	35	91	37	26	3	46	77	94	40	43	95	61	13	86	54	72	46	26	66	75	32	63	88	96	28	18	41	76	9	2	2	20	65	26	41
82	31	75	69	97	78	91	90	96	81	9	47	80	98	4	14	3	45	3	96	29	70	21	42	46	64	27	43	45	72	38	57	31	75	16	64	52	32	11	34	56	42	25	71	65	3	61	53	48	77
41	60	59	74	86	2	26	93	20	21	61	40	39	35	70	21	58	60	8	10	11	55	7	24	20	81	20	42	6	46	99	39	44	51	64	14	30	81	40	94	66	46	60	70	79	26	47	95	23	37
24	62	33	15	41	85	63	81	82	19	72	74	10	60	16	26	70	84	43	95	3	29	94	58	35	83	37	56	6	98	87	92	65	30	91	32	65	53	84	49	41	72	6	67	72	47	81	83	40	74
20	82	34	96	100	7	96	31	15	77	95	63	70	44	4	18	97	46	35	79	64	64	96	65	46	5	80	92	55	32	61	62	22	4	16	90	33	73	56	83	99	21	28	16	27	80	34	97	48	7
80	72	2	75	60	13	34	24	82	50	92	92	71	20	80	19	99	10	18	78	64	64	79	58	44	92	97	3	54	96	60	33	71	84	39	74	20	46	8	92	92	2	66	15	65	39	54	42	49	75
95	97	40	79	55	15	22	73	54	53	49	29	91	32	63	32	54	32	47	10	79	13	4	1	6	21	23	58	32	2	87	91	82	41	20	44	70	60	62	25	76	73	95	84	23	76	10	100	12	95
46	31	7	74	2	83	42	85	41	42	64	83	48	46	11	58	84	66	22	3	55	12	91	81	56	19	10	92	6	74	43	28	12	18	11	7	37	89	79	55	13	19	29	35	67	70	80	6	87	56
6	39	81	91	35	17	44	6	47	12	31	74	13	7	47	1	51	45	30	60	5	90	21	64	47	30	51	77	61	54	4	65	28	55	81	68	42	30	37	57	47	41	50	73	64	66	54	76	54	96
96	100	54	94	99	59	44	75	29	79	6	27	22	67	41	22	56	18	23	4	70	62	65	37	89	68	21	71	69	91	29	9	85	67	8	83	5	76	82	67	82	90	39	80	39	77	100	81	30	51
39	47	13	51	25	71	32	41	46	46	98	46	34	100	49	50	76	86	74	67	86	35	95	7	81	10	24	22	22	70	73	59	33	71	83	12	71	44	92	98	57	57	45	47	72	24	71	19	97	73
12	83	92	14	65	98	8	83	19	92	7	64	14	95	96	42	97	82	24	72	42	65	86	70	96	51	50	6	76	46	10	26	32	19	4	61	41	17	63	6	61	70	76	57	88	42	52	56	33	13
81	63	71	84	12	62	13	13	14	18	2	31	27	77	69	76	8	49	49	3	78	5	90	76	30	60	45	47	72	53	92	80	90	47	54	44	57	68	70	31	33	42	95	47	34	46	83	9	42	15
49	24	41	95	88	73	31	10	81	97	78	29	59	37	23	20	94	74	68	12	34	95	30	61	7	85	82	26	58	67	62	85	73	54	6	87	66	89	56	28	96	23	7	75	12	37	38	74	16	75
35	6	52	51	20	31	51	10	44	95	8	48	59	69	60	73	57	36	33	56	13	75	96	93	3	34	57	86	6	7	62	7	47	38	2	64	13	60	22	28	74	31	57	40	94	57	49	31	28	94
72	14	57	21	37	38	2	77	46	27	25	35	8	61	52	52	82	41	98	20	99	68	48	40	50	93	56	95	64	71	4	82	51	46	31	33	9	88	22	80	23	16	69	67	1	27	82	58	45	72
94	7	24	100	98	43	81	91	85	60	38	100	33	72	99	18	92	23	38	86	45	51	51	100	15	25	6	53	25	97	40	59	58	65	29	68	100	81	63	62	68	6	17	81	93	60	63	4	89	92
49	83	18	53	64	9	56	74	81	88	49	58	14	6	8	10	85	74	37	58	73	41	64	33	37	86	94	12	7	28	10	87	88	34	31	80	46	22	19	3	86	28	7	90	100	100	60	75	5	60
34	54	45	56	84	94	1	59	41	54	15	17	51	3	10	96	35	89	63	99	51	13	98	80	23	100	95	85	35	60	41	81	38	65	81	1	61	11	66	36	46	26	76	90	53	62	29	17	66	85
83	83	64	61	87	47	56	30	3	100	32	96	25	61	75	61	25	92	65	82	60	10	90	17	90	68	68	78	27	70	79	47	2	31	94	56	19	6	84	85	66	84	77	11	51	35	6	60	58	35
94	76	89	93	45	89	61	37	11	18	7	70	23	75	49	26	63	40	51	10	75	34	29	56	22	85	61	87	1	48	78	27	32	99	86	40	43	50	78	38	93	70	91	76	52	44	89	42	30	91
21	40	4	37	54	28	5	100	32	39	51	18	48	54	40	75	63	16	80	17	74	97	9	64	42	88	10	96	45	57	54	35	45	3	1	98	52	58	34	30	24	26	93	32	60	1	74	47	5	3
94	3	61	51	61	60	26	79	99	46	50	34	78	87	89	78	23	70	34	49	64	65	90	95	86	27	4	31	21	40	72	99	89	98	51	50	45	91	17	34	95	91	96	7	79	59	55	61	44	64
22	83	46	57	49	19	22	81	12	96	50	23	91	99	71	94	60	90	7	50	78	59	94	63	51	30	11	37	42	16	96	72	31	1	48	37	5	41	89	10	15	84	5	53	26	18	94	5	85	65
55	17	17	88	14	85	50	7	15	45	14	97	60	32	2	54	46	73	18	65	15	76	64	7	67	62	14	2	56	69	69	47	32	18	17	51	50	71	76	83	69	93	56	2	37	58	97	40	17	89
76	96	59	55	28	2	28	58	41	17	63	97	27	66	58	26	38	21	8	75	54	79	17	3	55	30	45	20	3	40	77	31	29	58	39	33	10	25	87	32	12	52	32	63	57	53	46	46	43	94
45	98	78	48	15	47	11	94	79	57	24	56	43	21	12	42	48	70	4	53	23	57	66	44	90	54	37	57	99	76	67	26	48	9	16	7	59	24	16	19	18	61	53	16	11	13	23	9	9	67
42	45	44	12	56	50	1	66	8	100	89	83	38	60	92	16	56	77	74	90	92	26	92	35	99	1	51	8	69	49	25	78	97	69	87	60	31	14	34	98	81	93	43	31	24	95	26	93	30	57
69	73	12	59	97	37	38	26	35	10	8	25	64	63	95	73	98	37	13	76	46	94	39	87	57	52	76	79	95	31	80	93	74	94	68	37	88	16	13	13	17	90	10	43	11	44	22	55	20	99
88	61	21	18	5	69	63	16	30	59	36	55	24	56	16	21	89	26	35	8	70	93	54	16	28	51	6	72	28	15	30	81	60	75	3	86	53	5	73	59	70	24	4	46	44	44	45	31	24	47
35	30	64	53	56	12	31	60	95	56	8	48	79	53	60	65	76	64	65	81	71	20	91	56	63	63	39	72	91	28	82	53	46	12	16	44	68	75	74	20	5	55	27	45	9	71	59	18	56	18
90	96	23	70	12	95	39	18	82	79	35	39	44	84	15	60	58	22	37	74	95	30	100	7	87	34	62	73	67	74	28	65	75	46	95	73	73	78	16	72	72	96	71	46	54	92	16	73	25	29
91	16	97	91	63	55	43	46	57	71	12	98	100	62	22	47	55	96	53	51	89	58	13	74	15	98	39	27	6	76	46	77	60	80	23	22	42	36	89	7	56	7	79	1	36	94	42	15	96	73
36	8	77	66	88	32	35	21	53	46	50	12	94	62	36	53	79	89	71	54	6	28	49	65	20	20	98	71	10	5	94	71	58	28	9	28	62	95	64	71	80	100	84	13	19	6	80	78	41	20
38	20	46	74	50	8	89	60	2	97	37	12	94	1	75	98	30	48	86	73	56	81	13	96	92	25	58	11	69	82	41	88	35	68	18	33	6	5	46	46	14	26	27	39	29	7	32	41	98	81
96	4	40	42	6	88	47	82	11	64	78	80	62	16	66	57	42	39	32	10	100	15	91	68	51	15	41	42	75	72	40	93	98	85	69	46	66	7	13	53	24	92	83	43	41	89	86	37	52	6
88	61	58	29	90	33	16	29	43	18	21	99	38	49	51	91	77	96	1	51	58	90	60	2	16	78	20	54	61	40	7	53	81	18	86	67	57	61	84	59	86	92	54	58	32	88	11	42	24	69
86	65	63	38	61	39	56	100	40	87	75	98	63	34	69	69	24	52	4	74	10	38	11	61	91	18	35	2	18	83	82	54	25	9	49	1	60	14	8	29	39	41	70	43	98	35	38	81	89	3
47	97	43	28	17	36	49	25	20	91	82	1	77	3	4	76	46	34	31	23	9	6	1	91	4	31	73	62	9	91	26	78	54	61	89	17	76	67	77	42	69	94	89	42	41	35	6	73	90	83
18	95	16	8	2	35	24	43	45	6	52	15	52	98	42	2	93	81	11	3	46	15	7	92	4	98	87	70	84	79	74	13	80	11	26	12	61	40	26	63	37	79	47	84	92	6	38	29	81	16
7	61	97	82	61	40	3	8	89	36	89	17	94	5	12	6	3	63	64	59	65	84	45	59	99	2	19	31	82	66	41	11	72	77	24	84	4	99	38	21	81	96	41	56	2	80	21	48	39	19
64	48	67	98	85	50	65	18	72	2	21	64	65	3	90	29	22	16	65	52	15	14	82	61	17	15	45	32	92	1	29	88	89	24	67	6	57	16	35	19	87	48	30	86	11	5	66	37	71	41
35	29	76	53	91	72	27	63	8	7	81	55	90	45	95	86	58	34	61	90	4	71	62	77	78	29	53	65	7	81	4	6	85	29	39	35	79	52	24	62	88	92	25	13	82	15	62	91	74	61
55	28	76	9	74	72	64	96	79	14	37	33	7	9	28	55	45	79	9	99	33	29	51	88	14	36	78	43	20	43	30	22	69	46	97	77	79	91	60	55	62	26	62	36	22	82	46	61	73	91
90	70	7	42	51	49	28	95	31	76	7	96	20	20	74	28	83	77	29	89	46	51	2	94	22	56	42	77	63	98	80	21	56	57	19	59	7	73	75	61	87	9	72	45	74	12	12	16	89	11
82	54	13	67	2	69	17	11	19	88	24	25	69	70	61	25	61	83	40	64	5	48	100	13	98	67	98	78	18	13	33	19	99	28	99	8	88	70	81	85	84	81	53	48	55	94	44	54	41	24
97	80	74	14	88	57	63	37	82	22	19	60	8	18	47	80	8	83	10	32	13	43	97	20	98	96	37	17	44	41	90	93	54	83	53	82	46	56	95	31	42	61	40	59	64	67	94	47	100	49
36	33	93	12	6	16	16	60	26	48	16	35	76	40	99	55	100	19	3	80	66	99	20	69	3	90	37	69	2	22	93	3	81	51	94	58	28	47	3	16	27	99	2	95	20	85	94	94	41	55
83	83	94	88	29	20	41	67	84	80	54	10	19	88	88	26	74	36	37	40	53	49	46	95	22	12	65	100	30	34	21	3	98	57	45	100	51	73	71	56	74	44	75	33	57	32	9	67	67	40
26	35	62	54	95	22	85	12	40	42	92	54	63	88	5	73	59	36	87	1	26	4	57	17	54	22	20	72	88	19	43	71	3	11	50	94	8	94	12	81	42	50	57	29	72	83	96	37	32	8
48	87	73	71	56	38	95	94	56	89	12	81	2	45	9	54	74	38	35	73	13	15	15	65	94	59	74	4	21	74	74	46	34	92	10	90	14	52	1	44	49	46	42	66	50	89	40	37	91	63
94	19	17	63	53	89	100	33	61	29	81	58	91	99	31	77	29	82	65	71	27	14	32	37	39	19	45	3	19	28	55	79	11	19	9	36	32	25	50	98	42	77	42	88	27	74	90	20	94	12
75	91	59	12	33	35	1	33	19	73	28	79	5	56	83	83	5	19	92	66	49	16	59	9	3	35	93	85	8	31	33	71	95	29	23	86	53	99	71	100	58	7	74	68	67	65	12	14	59	89
2	62	19	3	75	73	99	26	35	71	71	75	13	82	4	83	67	39	54	48	93	96	18	92	94	60	22	52	15	87	85	16	38	4	96	32	86	83	35	3	75	48	44	12	73	87	91	97	67	41
72	18	30	78	55	93	43	25	61	82	62	54	7	42	73	9	83	12	24	3	34	17	33	50	8	27	22	51	48	75	99	26	74	68	22	45	91	29	84	28	69	85	26	10	57	57	45	12	83	96
63	76	50	5	97	97	11	61	32	69	81	80	96	31	35	99	38	83	9	19	75	98	2	14	7	62	63	77	62	51	44	47	29	14	39	58	63	66	75	69	98	95	33	49	32	7	97	5	60	29
38	45	53	76	86	83	88	65	55	21	45	94	77	96	93	93	43	60	59	32	71	50	41	86	71	74	58	46	83	31	18	12	100	7	11	17	93	5	65	50	73	88	77	100	79	58	60	35	81	21
11	87	54	39	15	27	7	17	38	65	48	49	37	38	2	32	47	46	37	78	46	35	42	18	45	77	54	97	29	84	11	20	19	2	64	29	96	57	4	67	85	65	65	37	6	34	81	54	65	65
95	99	6	74	37	16	25	61	84	23	80	15	21	12	48	20	73	94	81	40	12	84	88	17	51	50	5	53	64	46	4	30	95	80	34	67	100	7	59	38	16	97	16	74	1	83	41	73	6	71
73	25	28	59	18	39	7	64	66	20	46	70	92	39	33	82	27	51	47	60	2	73	98	57	21	66	2	26	33	6	61	58	42	58	87	44	9	58	69	2	88	96	43	2	18	39	82	33	61	7
48	25	41	44	88	57	11	71	38	94	8	26	65	44	50	88	64	79	66	88	23	48	93	88	19	14	82	96	44	67	2	60	31	55	85	65	18	99	53	2	14	88	82	48	66	49	100	44	14	54
44	80	33	52	37	8	91	21	66	97	71	23	88	43	48	8	6	57	76	85	74	25	87	72	26	54	70	52	32	7	10	88	15	84	68	99	53	42	49	62	48	87	40	31	98	37	17	48	51	79
41	11	80	39	2	31	39	67	45	22	2	85	25	67	68	84	22	12	90	17	59	70	91	37	21	21	2	79	68	29	9	53	5	22	43	74	95	74	37	8	11	67	31	22	57	59	15	19	1	72
53	71	52	13	36	69	88	45	72	75	86	11	30	76	14	98	38	4	52	40	22	75	83	74	88	29	61	66	21	7	28	44	40	94	45	15	70	55	91	93	47	48	35	79	78	47	80	21	37	35
2	83	42	26	100	49	5	63	39	64	56	75	3	83	89	87	63	69	77	1	66	59	44	53	76	21	42	72	5	50	35	7	61	74	92	50	59	27	28	20	66	96	7	13	44	79	58	38	2	10
87	20	92	23	49	69	90	12	77	97	97	80	27	99	73	32	92	90	53	53	35	68	90	9	26	83	94	70	54	98	99	87	64	15	3	60	31	47	73	49	87	86	19	46	13	76	33	11	32	28
67	75	61	37	95	68	75	25	98	74	70	83	19	10	3	29	95	33	54	13	8	81	97	68	93	48	76	53	95	95	60	3	74	47	74	70	57	14	50	92	8	12	29	74	70	3	87	26	40	86
93	72	91	47	9	92	78	43	75	5	73	21	55	58	49	44	100	5	39	41	99	77	80	40	85	2	37	15	77	26	51	66	56	92	89	65	29	47	53	85	24	9	90	34	19	63	73	12	48	37
10	87	21	34	44	59	48	33	29	52	65	60	39	33	46	85	13	49	24	7	89	96	93	89	34	27	64	71	8	3	60	58	13	90	62	38	36	82	27	94	87	51	68	84	75	76	59	49	95	29
53	54	10	96	51	99	41	23	90	1	60	96	13	71	24	11	92	34	25	90	1	54	16	54	81	93	3	3	75	61	32	54	33	82	11	8	60	25	26	98	5	31	11	54	27	14	90	72	49	77
12	87	74	89	98	21	65	81	3	82	8	89	78	62	63	48	35	68	62	75	32	97	6	92	45	27	80	56	26	60	86	21	3	60	26	56	100	90	39	70	70	77	92	85	59	81	66	100	78	67
68	53	54	98	29	67	64	10	27	56	86	24	33	45	85	2	90	43	28	98	13	47	97	8	81	84	43	39	10	99	35	4	18	76	48	1	59	7	27	66	67	49	61	12	22	92	53	57	80	11
48	63	73	88	30	7	44	57	56	99	43	35	17	5	60	73	17	31	33	17	32	21	27	64	34	40	86	32	69	1	4	15	80	87	25	28	5	37	61	22	44	89	14	38	8	99	13	31	58	66
45	25	27	71	79	100	59	65	17	34	39	82	64	76	11	36	5	62	46	89	29	16	86	8	20	75	17	16	79	45	1	36	37	37	32	33	36	95	3	69	57	68	44	27	17	74	33	72	80	65
40	33	20	80	11	32	58	15	60	38	35	19	59	100	53	78	64	70	96	6	38	50	10	93	3	63	96	31	36	52	21	71	94	47	49	34	78	5	86	16	34	69	2	96	60	74	74	12	4	32
92	47	75	30	94	12	29	27	55	75	53	41	43	81	87	47	31	3	66	47	57	44	90	92	10	35	20	14	82	36	3	67	1	9	13	43	85	10	10	32	46	63	20	26	26	59	27	25	30	61
10	9	19	18	83	13	86	29	23	27	80	55	6	32	21	85	37	11	11	92	47	66	75	52	90	99	29	34	51	54	34	32	2	92	49	49	57	99	70	81	31	83	90	91	41	97	14	76	41	78
100	2	35	35	97	3	8	46	86	91	52	31	16	9	96	4	92	24	20	26	81	85	28	35	18	96	36	24	36	3	73	96	61	80	8	24	94	57	56	87	34	87	97	29	44	10	63	22	92	98
37	15	86	36	94	69	98	19	32	1	89	84	95	48	82	68	25	25	7	39	96	50	17	91	33	76	4	57	26	97	84	8	44	35	82	99	28	81	93	7	48	69	53	12	62	63	50	9	88	86
7	85	90	5	63	91	21	12	99	96	18	8	46	84	59	18	34	100	93	96	85	12	74	61	93	89	79	18	92	70	54	81	79	88	16	17	72	88	80	94	13	26	60	95	19	53	31	33	64	85
65	44	45	72	44	80	60	86	11	16	56	5	34	79	91	25	50	54	14	68	34	27	7	71	83	15	9	26	78	18	83	39	76	2	34	74	6	33	85	27	20	6	6	87	51	94	25	11	74	28
98	83	19	65	65	36	64	72	13	77	58	98	2	84	90	21	39	65	47	91	3	94	2	88	89	46	80	64	33	13	34	51	80	82	32	90	95	77	42	83	13	73	19	50	28	97	24	68	94	64
88	67	52	54	65	60	62	2	55	41	84	95	94	79	17	42	90	68	48	23	24	9	43	80	15	55	55	66	44	62	23	90	75	54	22	85	29	37	77	86	62	4	96	36	96	100	70	20	90	49
28	1	99	52	92	82	18	37	37	84	3	61	16	22	84	90	50	39	6	68	61	28	16	55	43	71	32	85	17	24	35	9	52	84	78	76	82	56	20	50	27	64	95	19	96	10	44	43	69	5
61	26	81	56	49	74	46	60	22	23	20	72	85	46	23	45	14	62	56	23	12	10	2	85	41	86	58	74	28	80	78	100	36	86	18	99	86	30	54	34	62	41	70	29	84	90	7	11	69	58
66	51	23	72	71	81	6	33	73	91	51	50	50	60	76	51	25	34	4	79	100	76	93	95	14	39	16	2	1	73	29	48	41	89	96	43	90	52	24	13	5	40	42	39	65	43	77	86	39	2
16	1	3	29	43	32	34	12	100	22	60	96	77	79	98	73	77	7	74	80	58	51	70	74	4	22	97	51	9	77	74	36	94	17	1	93	55	71	85	9	74	39	73	4	19	75	39	32	40	61
22	47	56	15	72	32	36	9	87	19	98	1	90	59	6	91	25	15	71	46	43	19	62	24	53	16	81	16	60	68	20	44	73	36	91	48	45	39	61	37	78	15	92	68	21	98	22	22	79	78
10	60	14	10	98	44	95	59	24	37	23	68	76	60	13	48	40	29	20	32	54	22	20	99	75	42	75	22	43	51	94	71	33	93	42	30	1	96	10	51	18	78	41	98	59	45	41	64	12	50
36	78	64	31	20	87	87	28	86	54	44	80	98	70	59	62	22	41	91	18	14	88	41	2	3	7	2	87	56	82	3	89	72	76	57	14	58	96	63	24	97	77	82	28	39	81	81	30	33	83
67	86	75	25	41	70	13	4	88	97	14	7	67	38	30	34	81	92	15	52	65	62	63	42	80	96	72	43	25	91	92	86	37	14	47	73	5	98	92	85	73	23	85	43	96	6	85	95	60	5
73	79	88	59	58	70	8	24	25	13	57	95	8	27	34	48	47	62	96	28	38	17	16	13	3	30	97	97	44	67	16	32	1	25	78	61	67	22	85	87	79	85	90	13	8	20	46	10	79	69
42	46	88	66	47	29	18	67	20	17	60	8	71	49	20	92	3	72	23	31	49	83	31	83	33	78	82	31	32	71	26	96	41	16	38	21	78	41	34	36	99	3	45	86	94	10	99	84	76	20
47	39	92	21	20	99	70	99	10	96	100	13	69	87	31	11	4	7	65	84	79	66	75	39	68	89	45	35	65	10	12	18	79	8	4	1	46	59	40	39	49	31	79	31	74	88	67	73	62	83
13	12	24	55	64	90	81	4	95	51	39	19	21	37	13	54	49	35	95	74	94	83	33	20	84	22	78	59	23	10	1	42	9	44	98	51	55	52	56	56	8	33	13	88	46	5	74	58	58	21
99	36	44	95	86	93	60	85	46	25	29	8	13	64	79	53	47	6	38	31	19	5	86	23	69	24	43	39	18	95	49	45	15	71	13	69	60	60	26	29	20	44	36	20	53	28	43	98	11	43
84	66	19	62	78	50	87	47	33	35	74	97	99	2	21	21	73	86	31	24	72	25	9	14	25	48	78	49	8	55	84	98	20	75	5	13	87	2	56	91	33	45	10	29	23	95	78	71	77	1
74	89	55	28	13	20	83	48	91	77	33	23	52	52	95	70	83	13	77	41	81	28	12	75	18	96	57	43	54	18	80	20	53	65	55	6	5	29	96	5	15	35	45	86	73	56	13	40	63	4
61	51	86	51	25	56	21	42	34	69	28	47	3	31	17	59	93	1	10	30	96	31	53	18	15	48	53	80	96	51	34	26	33	96	66	53	36	33	31	30	65	57	40	63	9	68	66	69	18	87
28	40	62	47	36	66	84	69	90	70	6	52	43	38	11	8	73	21	19	10	59	34	72	69	42	48	61	26	48	95	25	52	85	37	77	51	51	24	36	52	12	61	60	70	100	19	60	33	13	62
83	41	60	83	28	10	96	41	18	1	64	74	85	95	88	3	46	61	44	4	43	48	7	82	30	48	86	75	58	1	87	4	28	79	75	46	49	7	47	11	23	81	89	32	57	60	89	55	35	26
82	26	53	59	1	77	66	64	37	60	22	34	83	70	97	96	13	42	84	42	19	39	54	1	34	67	79	86	64	4	55	6	37	73	70	53	67	52	24	42	23	53	48	10	33	96	99	43	8	8
84	81	89	18	34	34	45	95	72	19	94	4	96	8	83	87	76	48	71	75	62	35	29	9	91	49	34	85	69	5	49	77	57	89	45	44	40	80	59	39	99	30	57	38	93	63	45	8	30	60
60	90	78	12	63	96	81	6	36	8	44	82	42	73	75	61	82	87	74	45	98	20	39	80	7	40	45	75	78	34	64	6	32	95	17	78	89	41	63	80	18	27	62	77	14	50	15	30	35	77
81	23	13	19	98	54	63	58	92	6	98	46	34	33	52	51	55	11	46	43	96	32	55	32	67	41	22	99	33	99	86	44	56	60	86	51	71	88	28	65	55	17	70	69	47	28	55	47	3	28
27	67	60	11	96	48	49	8	68	66	97	93	66	32	75	90	80	51	67	91	67	3	27	76	20	23	14	7	50	45	92	75	42	53	91	6	96	15	39	26	59	51	68	64	98	6	56	59	61	28
31	83	35	10	23	99	2	67	27	53	53	52	57	63	88	80	98	14	78	79	60	38	61	34	19	90	72	75	64	49	58	53	22	52	67	99	14	76	28	20	1	35	63	94	25	63	76	85	34	40
57	14	81	57	90	10	19	82	84	80	93	38	94	16	20	45	78	20	36	19	51	96	40	40	17	100	58	67	69	51	27	39	71	62	84	8	91	18	6	39	8	56	33	67	3	64	52	93	95	77
8	98	5	32	8	87	1	57	26	77	65	96	70	95	10	8	88	4	41	90	11	87	71	85	92	83	75	77	5	29	45	92	9	25	26	28	34	94	79	51	18	33	90	37	13	83	23	30	95	83
29	11	74	32	57	34	11	6	27	77	93	53	58	32	9	17	26	88	78	63	64	28	29	64	25	41	85	84	71	85	17	9	42	100	90	89	7	91	100	95	8	43	7	84	83	98	70	51	81	43
59	88	10	97	4	89	55	28	42	88	83	87	9	46	14	18	65	75	94	47	53	80	67	47	64	49	68	83	28	47	18	89	23	72	22	4	8	13	50	54	68	34	80	41	43	33	8	25	9	23
55	61	98	42	61	36	48	11	62	15	97	40	94	44	58	84	36	57	30	53	51	33	56	67	94	73	14	54	93	52	73	7	50	90	88	46	77	38	66	52	67	35	33	77	45	40	45	52	65	77
58	71	38	47	90	59	31	79	63	74	93	42	44	83	69	93	23	21	76	42	15	62	35	32	23	88	56	89	32	100	47	51	4	55	76	73	42	59	49	9	100	37	80	94	69	17	98	76	61	52
71	40	53	98	63	46	39	70	59	34	67	2	90	28	3	13	22	25	2	89	84	49	47	67	86	69	54	29	76	3	92	31	15	55	74	62	65	56	98	12	66	55	94	13	34	31	85	85	38	39
62	31	5	36	30	93	46	20	72	81	54	42	17	39	56	94	46	54	36	89	65	24	59	93	5	52	100	90	49	58	3	89	84	1	8	45	31	20	12	38	5	8	66	46	61	97	21	23	86	2
100	3	55	81	11	78	60	99	64	66	30	90	82	14	41	94	98	4	99	90	57	17	9	87	73	42	77	92	71	74	86	35	40	94	16	48	48	65	55	82	90	1	64	4	95	17	43	48	28	5
43	57	89	79	86	87	91	62	98	51	97	59	41	55	53	7	92	8	14	83	71	12	54	29	7	43	98	76	85	22	33	49	50	46	83	35	54	74	19	30	3	41	84	69	17	63	44	6	23	37
59	57	18	44	18	72	83	54	66	57	61	48	27	57	13	6	38	66	83	68	56	81	42	28	97	36	78	43	25	48	71	51	77	80	64	10	1	40	16	53	82	85	48	25	33	52	91	55	15	79
97	87	41	12	24	28	52	41	33	56	87	97	89	57	41	1	49	91	91	84	43	64	72	94	88	98	90	68	17	3	93	88	49	69	31	21	62	24	52	2	53	7	44	44	42	65	19	18	52	95
48	86	81	52	8	82	94	67	95	20	78	67	59	76	30	95	5	52	17	46	69	34	70	59	17	48	56	16	26	4	59	47	91	86	98	76	61	81	43	67	98	47	78	78	19	90	68	47	91	27
26	58	23	24	20	64	95	55	72	93	26	15	52	3	74	90	57	24	88	86	64	73	71	51	7	21	1	30	56	33	66	55	8	95	26	7	37	92	59	65	80	20	83	90	90	33	18	33	49	32
31	68	4	31	63	82	58	57	25	9	32	48	41	75	6	76	96	18	28	68	32	53	5	47	46	83	7	10	30	69	55	85	24	93	53	67	13	95	70	96	34	28	69	90	48	21	91	54	73	43
51	68	61	24	67	4	95	68	5	22	20	24	11	2	54	2	81	14	10	95	90	13	84	17	59	52	84	54	79	89	13	88	23	50	54	53	95	73	88	37	73	35	34	63	19	47	3	62	50	27
94	53	96	65	94	46	24	17	44	15	88	27	93	95	52	58	88	9	28	27	10	74	93	86	63	1	76	46	6	44	62	100	46	50	10	62	83	47	6	31	79	33	89	32	11	54	89	28	7	72
65	79	87	92	31	73	37	29	85	43	34	86	60	4	23	1	70	10	42	52	98	90	13	42	76	41	41	82	21	82	21	77	87	62	35	72	38	65	87	32	81	70	42	87	34	8	34	73	92	89
38	43	70	57	98	45	77	64	1	95	88	100	42	30	3	33	70	75	51	62	35	52	99	52	48	32	26	94	82	45	62	37	36	86	2	73	31	78	54	66	4	79	7	40	21	59	60	47	86	47
35	56	31	77	8	6	66	45	22	76	48	35	20	23	82	91	95	70	12	78	86	30	57	32	93	7	42	33	26	76	80	88	81	95	42	47	45	16	69	31	59	85	10	31	48	88	70	85	22	36
48	95	38	16	88	51	100	81	98	75	52	72	21	6	31	21	85	38	32	58	1	39	45	43	7	14	84	22	51	78	59	35	47	92	13	92	60	75	18	3	29	95	90	61	35	89	52	50	81	98
31	1	61	39	91	65	17	37	29	56	21	65	93	72	34	1	51	44	76	17	91	31	43	7	31	26	90	85	50	88	21	85	24	99	54	9	58	12	92	19	9	76	93	55	80	94	74	100	6	92
36	59	36	4	26	96	71	1	7	20	90	44	42	11	68	80	22	3	83	88	4	74	62	50	76	15	71	13	27	7	17	9	60	82	66	49	28	64	99	84	66	30	31	55	60	91	95	73	98	6
79	99	19	32	13	75	29	76	18	53	56	59	46	10	98	14	29	16	77	30	52	1	84	19	89	89	54	18	86	90	15	6	44	85	9	42	58	65	21	71	32	59	93	41	50	11	88	44	62	45
93	32	59	6	53	63	20	5	69	14	36	87	39	93	2	92	95	36	46	85	20	1	42	98	90	16	90	75	33	65	96	51	49	81	80	49	95	98	22	36	21	84	63	98	24	76	15	31	89	62
22	4	88	2	23	92	16	57	5	76	43	86	81	64	86	93	54	72	18	23	47	18	7	32	1	24	59	100	54	7	19	14	90	86	21	18	46	82	19	18	65	37	89	35	10	10	80	5	18	48
27	63	41	79	53	92	65	97	98	47	88	33	57	64	20	8	84	9	57	37	60	25	99	26	57	94	90	94	22	61	48	81	92	49	48	27	8	70	1	51	73	93	7	83	92	79	96	46	50	96
33	15	30	71	63	73	57	55	75	9	14	27	67	13	37	45	86	53	25	1	23	13	14	1	99	11	53	4	1	49	13	81	97	18	67	67	17	10	61	90	22	33	7	45	38	25	56	53	63	25
15	98	49	75	36	71	56	31	56	46	66	8	1	65	96	58	70	67	85	17	76	70	26	99	43	38	72	94	4	4	6	5	25	41	29	53	50	98	84	30	51	74	55	83	19	78	14	27	77	85
22	70	65	78	41	72	2	73	43	92	71	19	86	21	42	56	100	51	40	47	58	9	79	69	49	64	82	86	97	41	93	39	98	57	93	46	6	21	28	57	57	58	48	74	80	12	60	77	8	12
67	27	78	27	79	27	18	41	29	88	69	50	42	79	10	40	58	9	27	26	82	77	33	14	26	4	56	60	35	20	52	53	19	31	40	19	93	10	1	79	17	10	13	70	86	3	43	95	72	79
1	36	92	95	4	32	4	45	74	69	85	57	54	97	36	62	74	43	51	47	88	20	18	7	41	59	7	34	36	66	81	83	86	77	64	36	15	73	48	45	49	19	31	72	17	72	50	82	5	97
45	19	74	81	25	49	28	25	9	21	88	18	34	70	96	50	42	24	92	75	22	18	58	37	86	90	6	6	53	43	59	85	98	43	30	40	50	8	78	21	32	65	27	60	12	43	19	35	2	20
93	82	23	63	86	86	2	47	74	46	75	49	47	9	61	77	25	21	27	82	68	90	72	91	7	52	99	66	5	9	100	89	73	73	89	12	63	28	32	32	59	11	79	4	24	73	70	30	66	89
97	11	54	71	95	6	47	14	26	2	50	65	62	6	88	5	14	75	65	20	34	73	94	45	84	80	27	58	74	57	47	2	86	20	56	28	39	91	62	87	97	100	42	17	68	69	61	27	16	99
19	47	48	93	78	21	67	70	55	18	17	57	17	82	6	92	78	16	78	71	68	88	81	65	55	73	75	9	47	70	20	5	26	46	13	5	16	48	55	77	41	37	21	64	61	87	41	46	25	37
47	93	51	67	84	9	83	52	56	86	57	43	45	65	25	29	80	8	91	36	59	2	41	2	37	89	3	49	18	3	5	61	7	8	69	45	33	27	45	28	35	26	32	4	84	42	82	46	55	70
27	6	39	6	88	14	1	45	7	100	82	85	54	98	14	57	27	23	18	46	11	76	56	75	99	58	92	57	29	39	72	99	74	5	5	49	82	59	71	71	23	15	19	70	82	7	96	100	36	35
26	72	4	88	70	31	45	26	56	41	86	45	82	32	7	45	28	69	6	91	60	42	80	46	30	27	10	73	24	7	84	72	63	56	14	58	96	67	34	46	5	53	63	60	93	93	69	14	18	58
94	59	40	97	19	95	2	80	80	59	1	1	42	43	45	69	81	15	18	13	83	27	45	76	1	20	83	86	93	11	81	23	72	65	66	49	69	95	44	49	56	94	55	20	87	21	52	36	28	12
73	33	78	37	75	94	25	22	66	27	46	13	82	37	94	55	38	32	92	71	81	61	43	84	34	97	66	51	72	6	18	30	40	17	65	12	37	52	68	69	14	28	25	81	35	91	17	71	55	80
76	28	56	76	37	52	23	36	72	23	82	46	67	47	23	78	9	21	80	89	31	76	67	47	71	48	34	46	53	24	23	47	34	97	1	4	4	77	63	16	42	99	72	84	5	18	90	47	58	95
18	17	25	36	7	72	34	41	22	61	23	82	93	31	27	23	96	66	20	99	67	56	92	86	76	67	11	99	83	96	15	21	58	2	52	68	27	16	95	100	98	75	98	34	100	74	79	70	24	4
99	14	63	54	69	78	93	82	41	20	43	81	32	72	97	24	82	81	60	11	44	76	40	49	64	78	17	3	93	86	67	6	66	96	76	14	5	76	5	8	15	4	79	48	51	77	70	68	11	68
15	49	64	5	4	8	65	5	53	62	18	69	71	43	37	5	91	50	41	80	74	87	96	3	87	89	56	86	31	35	6	32	35	61	1	40	75	47	99	42	54	75	67	6	98	5	7	54	42	14
76	63	32	83	67	9	36	91	35	58	9	81	70	6	99	60	62	90	20	49	79	25	63	58	10	66	89	78	63	26	65	33	88	38	22	54	34	44	62	93	66	39	63	58	53	89	77	31	100	42
82	78	55	1	93	23	92	66	55	32	38	76	66	68	2	59	27	52	62	51	14	79	83	72	54	60	19	29	47	50	73	18	64	80	28	26	26	49	28	23	13	1	20	30	51	27	42	25	80	83
69	30	7	99	1	91	95	54	35	89	34	30	91	61	46	39	38	26	53	7	50	89	20	47	30	25	37	92	11	12	42	43	11	90	96	31	53	37	80	26	71	37	97	77	87	77	61	74	47	88
15	70	4	43	93	31	8	93	45	68	5	89	85	92	63	45	36	89	100	17	44	89	71	47	85	93	91	77	91	36	77	78	68	84	7	81	54	37	94	27	21	75	94	84	77	65	32	54	30	48
91	90	53	30	9	11	88	65	29	94	15	48	42	67	5	70	67	68	80	92	50	14	4	69	98	23	69	60	81	60	18	22	85	23	62	32	18	23	5	58	53	38	80	22	41	12	5	73	18	39
94	98	78	23	40	41	28	60	21	95	23	49	12	98	55	52	72	27	62	64	2	8	57	48	72	62	13	42	72	15	52	21	85	89	89	54	81	42	3	83	58	4	45	64	47	75	89	70	47	6
53	93	88	96	77	70	84	16	47	2	4	81	4	85	69	89	88	61	97	16	41	65	83	88	1	50	54	35	21	88	67	54	64	55	80	57	96	50	57	87	66	98	18	10	60	10	80	35	56	13
51	57	14	92	99	94	91	42	43	33	77	10	60	41	100	2	3	17	44	28	49	23	62	37	25	95	71	65	54	59	76	36	62	99	3	51	35	26	11	45	59	6	5	2	42	27	13	51	27	53
45	74	51	63	43	54	61	78	79	89	20	85	86	64	45	12	35	22	67	10	98	57	12	77	66	55	36	87	3	97	38	80	85	70	9	62	69	72	16	17	86	46	72	42	64	25	56	67	75	23
22	15	58	20	94	60	7	62	23	59	41	54	55	66	30	4	27	17	87	74	21	70	93	23	18	98	92	27	69	45	32	52	87	56	1	17	7	45	58	6	60	77	52	99	84	83	33	18	69	24
72	28	70	2	12	98	89	48	62	96	94	100	44	1	62	59	39	44	3	89	27	96	82	18	55	72	53	80	69	61	33	26	19	18	34	42	10	38	50	67	51	60	7	72	63	99	14	9	32	2
62	37	9	95	59	16	29	46	13	47	56	29	69	16	98	28	40	86	14	86	21	21	73	6	45	9	33	41	23	40	1	13	30	94	60	61	65	49	39	87	55	24	14	76	45	76	54	60	39	73
85	87	27	28	21	100	65	95	17	8	32	86	87	98	68	74	95	53	94	11	48	12	70	66	34	70	36	31	73	14	55	64	11	35	62	52	51	89	100	30	37	14	11	23	50	76	80	35	100	49

