4000 5 512 20 0
76	92	39	90	53
85	45	74	13	17
54	68	79	70	14
85	39	27	94	5
66	38	25	57	43
41	34	43	82	25
61	9	83	65	50
54	50	23	74	56
75	92	69	90	33
92	31	3	98	16
62	84	31	90	64
37	55	48	49	83
42	87	3	17	76
89	79	78	43	15
44	93	97	88	85
30	54	88	22	20
28	63	62	4	18
26	90	33	28	16
19	20	63	62	13
68	76	54	80	53
28	3	30	76	92
72	15	69	43	84
89	43	34	5	63
77	52	80	78	87
96	85	5	68	2
91	98	9	74	29
24	40	6	48	32
10	66	81	96	8
63	9	24	18	80
75	14	75	79	1
79	9	65	66	87
64	83	90	26	32
14	51	63	91	86
94	82	24	83	55
2	39	28	62	13
63	49	13	91	14
4	87	18	19	75
61	3	72	89	56
14	36	78	75	13
49	55	99	28	88
88	48	66	37	64
10	34	10	32	28
12	36	44	30	89
36	36	92	18	17
81	5	45	64	21
76	76	74	37	82
63	72	93	42	34
26	84	36	99	58
10	79	5	57	5
19	92	60	93	34
94	82	84	71	2
49	54	20	100	66
45	14	53	2	66
27	28	43	76	37
26	21	88	63	47
72	4	27	64	52
68	55	59	33	99
32	86	27	16	87
47	10	52	42	86
68	45	77	61	99
22	7	72	66	90
14	95	30	16	73
62	33	80	62	68
34	46	55	54	31
16	17	42	54	56
38	20	25	6	75
49	19	93	83	36
64	52	82	45	15
98	47	72	16	86
69	31	37	82	90
47	100	50	73	17
58	51	53	46	93
96	100	22	15	42
77	95	24	3	21
69	92	2	87	79
69	57	65	65	23
82	78	100	40	7
56	33	87	69	51
29	56	68	79	91
92	25	71	25	96
80	49	24	62	68
42	88	53	53	96
97	58	42	9	5
98	51	37	83	13
61	63	83	76	96
75	58	59	4	45
59	25	51	69	82
40	64	40	92	62
94	78	21	72	61
95	14	2	90	1
79	15	31	61	8
96	47	14	42	59
21	95	25	70	71
71	91	85	6	96
30	91	33	31	46
56	25	37	35	9
42	99	48	42	91
80	17	22	1	96
69	14	85	58	44
11	4	50	87	96
8	84	50	13	24
90	40	90	79	92
44	100	93	41	30
90	22	56	76	8
52	57	32	3	25
94	28	93	37	2
30	91	9	3	62
18	40	99	55	98
85	46	12	7	43
38	23	29	10	78
65	81	13	6	29
76	12	5	72	11
37	62	20	76	69
19	9	30	66	10
54	92	91	77	81
15	43	95	74	34
53	7	73	47	70
3	84	27	25	50
7	16	17	42	86
94	46	32	32	85
32	16	8	46	48
52	83	77	81	35
62	81	52	11	91
84	22	68	56	100
27	98	55	16	80
20	14	75	61	16
85	15	17	66	19
41	5	70	88	39
40	47	64	15	39
76	80	85	72	64
19	83	56	43	4
51	70	52	23	5
64	13	63	5	57
93	11	16	83	28
30	26	27	40	67
43	78	26	24	74
86	95	82	10	37
99	99	34	15	54
16	27	64	35	83
31	67	53	68	82
35	55	71	53	53
26	79	32	46	92
36	78	72	81	91
33	90	84	55	57
48	84	68	98	77
34	78	80	65	49
92	100	17	87	5
58	66	46	22	83
28	73	70	54	31
75	80	22	69	10
22	8	42	31	86
50	30	71	85	91
52	95	88	73	64
89	15	61	74	59
18	71	47	27	24
13	18	33	46	29
65	98	65	5	88
25	18	44	35	64
25	97	5	29	6
67	95	7	11	46
25	42	98	100	57
19	37	14	60	90
64	6	4	44	73
97	79	60	53	58
73	55	36	45	96
47	18	50	1	62
36	42	100	97	66
72	12	1	90	74
81	14	43	94	21
95	52	87	19	59
52	5	78	58	9
83	33	44	67	36
37	93	96	9	77
77	80	36	42	41
85	42	59	13	7
8	44	24	72	94
20	100	32	52	2
13	48	9	41	63
59	24	77	89	12
87	30	57	53	88
18	72	21	57	93
21	54	9	11	49
46	86	84	73	75
96	91	48	63	50
66	71	62	82	5
24	29	38	85	61
17	65	56	48	85
44	64	70	50	8
85	45	43	83	95
8	63	36	63	30
50	94	42	36	67
100	66	74	62	18
3	39	26	18	73
17	16	69	1	82
96	62	70	70	88
36	1	7	28	24
87	15	6	60	85
96	47	84	65	66
86	98	33	22	22
74	97	37	35	19
13	26	63	17	28
13	95	9	59	62
81	95	59	22	100
80	38	49	58	26
86	60	71	96	77
17	86	29	8	43
7	84	8	27	78
11	80	4	17	83
86	86	99	62	29
99	23	4	11	70
10	78	29	41	89
91	74	97	50	3
60	49	23	90	55
14	59	52	49	21
80	47	94	18	15
100	94	1	50	38
40	24	71	93	44
17	77	40	83	6
50	75	82	87	51
92	43	32	59	15
73	17	28	68	54
61	62	47	15	35
99	49	6	7	18
61	49	83	83	32
84	96	60	32	54
6	56	46	88	17
39	30	94	14	58
73	4	77	41	76
28	42	75	32	33
89	74	75	75	35
79	98	32	66	5
71	47	39	52	90
18	20	56	91	84
16	11	69	24	37
17	5	66	54	76
33	22	21	4	47
90	2	94	11	21
18	16	58	12	75
50	96	14	55	8
80	49	71	93	63
42	67	81	95	46
40	97	99	11	4
51	36	60	29	16
87	38	80	3	90
82	23	29	93	95
9	82	57	51	39
99	6	74	29	8
79	73	21	74	94
26	13	54	93	3
42	42	49	34	2
36	89	17	19	72
18	80	84	15	73
80	1	55	22	96
5	33	82	43	5
64	75	28	87	89
52	66	98	62	48
56	63	69	82	67
5	30	51	83	30
3	56	79	38	44
32	7	86	88	92
6	81	64	13	65
22	32	28	30	33
99	89	86	70	26
59	3	9	4	60
40	43	8	21	95
70	41	37	41	91
59	86	88	64	13
18	63	18	55	86
2	41	56	75	67
81	15	24	43	17
84	60	61	73	62
17	44	41	75	50
9	64	13	19	34
64	96	69	87	65
71	21	64	62	39
72	58	10	42	80
95	47	34	32	91
51	67	31	69	49
39	15	61	57	66
67	59	78	2	74
11	22	32	68	59
92	99	38	6	54
69	23	49	13	27
53	53	45	42	47
47	19	48	83	9
24	95	32	23	72
43	74	18	15	52
72	15	56	99	100
96	80	98	3	96
36	55	37	78	53
59	53	97	51	23
44	94	57	17	4
4	46	46	26	85
27	54	79	87	25
66	92	54	32	7
78	18	49	15	78
17	58	47	6	85
92	27	16	75	21
59	9	16	15	2
32	79	13	70	17
63	17	95	31	21
15	83	5	27	81
24	47	59	61	48
98	78	16	88	57
38	72	48	14	33
28	82	89	55	22
57	28	48	60	30
19	78	62	5	38
5	36	26	11	30
93	80	4	28	71
53	85	52	28	92
74	59	7	42	55
82	10	59	13	97
91	60	51	26	31
63	91	64	81	53
48	21	4	97	76
48	99	81	97	88
99	48	87	56	40
82	61	45	94	92
3	34	55	93	33
43	11	25	21	79
54	67	46	79	12
65	13	27	77	17
29	37	87	35	6
16	36	90	84	75
92	33	67	99	79
70	40	95	98	68
71	52	78	92	31
71	13	64	7	3
79	50	88	33	43
96	27	37	62	63
45	78	13	51	92
2	92	52	47	6
44	91	43	96	25
97	73	9	14	27
64	48	67	93	5
54	26	25	21	55
45	21	63	21	30
54	91	47	93	44
63	99	90	76	77
33	9	44	63	50
14	38	90	71	90
81	70	24	6	51
55	8	54	81	25
66	59	30	92	73
44	66	76	40	42
27	79	56	3	45
69	93	1	78	98
81	96	60	40	93
3	71	87	33	24
32	45	81	16	73
21	27	13	94	9
63	94	2	77	58
15	48	72	50	4
41	89	33	67	24
82	73	51	4	85
90	43	59	38	10
48	24	77	100	49
83	37	60	100	9
14	82	73	45	43
26	76	82	12	17
71	61	79	91	33
25	66	9	74	61
36	87	80	35	51
95	14	67	3	48
30	74	9	99	4
66	76	78	9	28
61	28	29	62	40
78	27	54	83	22
76	97	9	11	9
63	32	1	5	46
87	14	16	74	82
54	21	27	96	5
14	42	91	19	65
63	30	71	23	46
10	75	38	44	56
63	37	65	17	75
100	52	96	47	72
82	19	92	32	92
68	50	54	31	38
85	27	89	87	2
40	90	70	100	92
16	82	50	65	35
12	89	60	96	24
96	72	59	49	63
51	35	9	9	98
92	20	44	4	81
64	18	30	71	56
56	10	97	3	74
85	27	19	31	100
42	85	47	82	10
34	11	96	100	61
76	99	69	7	14
100	18	14	72	56
25	11	96	20	69
38	47	95	59	49
16	36	62	58	93
27	66	77	77	79
71	68	16	70	45
62	35	46	83	31
73	88	93	45	21
65	35	83	16	46
95	8	41	10	69
100	86	44	13	67
66	35	10	83	36
46	86	66	33	91
6	6	77	67	29
24	25	50	7	33
27	97	30	52	53
68	41	37	62	53
87	61	89	35	12
19	89	29	98	93
10	38	94	38	46
45	3	41	1	88
3	12	54	7	97
35	44	19	29	55
38	28	17	54	16
91	92	26	79	9
10	75	28	4	79
61	16	21	35	52
25	23	9	64	48
70	24	18	72	95
92	33	40	66	22
15	57	85	63	32
49	14	26	48	63
55	36	4	59	47
43	63	20	97	49
77	11	14	41	48
61	19	33	12	76
70	71	95	88	23
68	61	28	48	83
67	20	15	97	36
71	59	83	47	30
60	68	33	24	59
71	21	33	59	59
5	90	94	5	7
98	31	30	73	10
7	42	65	7	3
59	83	34	63	46
55	56	47	34	5
57	16	65	39	40
36	15	17	45	80
68	48	88	42	77
11	81	94	19	100
69	47	24	51	85
88	54	17	79	80
10	81	46	6	29
42	65	55	44	94
23	28	70	29	53
60	13	93	25	18
87	21	13	90	66
28	15	50	22	6
44	63	79	5	26
55	18	20	22	85
28	87	85	43	22
35	63	62	18	80
39	28	26	88	39
36	94	17	71	38
11	61	77	48	69
7	27	92	67	13
79	16	55	30	88
46	98	8	92	24
31	46	50	92	82
6	97	82	99	68
64	60	100	3	80
1	52	29	78	14
82	76	98	33	55
98	63	60	99	72
8	32	59	59	40
64	65	84	92	14
20	12	90	19	88
89	60	90	87	50
91	94	80	27	79
53	96	89	29	94
50	87	82	94	32
55	49	64	75	68
53	10	21	80	2
54	6	78	61	43
97	98	31	57	34
85	96	93	72	79
69	99	74	28	70
93	72	39	18	14
74	63	66	20	47
7	47	39	5	54
80	1	68	10	87
18	86	96	90	21
91	10	80	54	43
22	92	19	57	90
30	95	94	84	67
58	58	37	46	18
38	34	18	32	92
97	100	94	54	47
62	100	91	50	46
42	58	65	81	20
100	60	3	53	29
79	82	80	49	60
33	66	58	40	97
70	68	59	18	83
49	71	95	21	86
90	98	86	51	70
28	1	58	10	83
17	62	71	34	13
19	80	50	18	66
95	46	21	71	87
79	26	47	20	46
80	70	36	38	30
30	50	52	89	38
31	29	47	71	21
77	35	1	86	8
18	39	9	4	97
65	23	23	56	78
56	70	100	59	87
68	74	44	70	94
9	75	92	26	95
99	60	40	95	88
16	74	94	8	74
69	81	5	9	43
5	31	33	33	64
94	71	97	80	78
80	2	57	4	18
80	81	84	17	64
36	30	15	2	93
28	29	4	100	89
64	6	15	82	47
89	18	4	84	99
96	95	87	36	79
3	57	38	52	71
5	51	90	28	32
79	35	57	63	48
24	68	12	81	35
83	91	76	73	3
50	99	34	70	92
72	59	30	28	55
34	68	9	76	87
54	21	44	94	23
94	36	60	100	62
82	74	75	59	97
82	32	82	55	70
5	96	63	7	76
9	84	81	93	86
6	61	10	35	27
68	76	55	25	25
71	85	4	15	79
14	75	27	30	50
1	59	62	44	91
98	88	59	10	36
60	35	31	70	34
12	73	32	69	48
75	44	87	96	58
7	68	25	70	24
26	29	28	33	34
18	11	72	99	71
10	49	63	95	66
69	47	76	11	17
66	22	28	63	9
38	46	27	28	90
100	44	42	58	28
34	32	25	79	53
75	52	19	49	42
6	7	2	81	77
52	90	15	44	34
80	99	69	39	94
79	33	64	67	11
13	8	49	70	32
75	40	33	96	89
59	32	41	56	66
38	15	70	26	54
9	69	40	51	98
11	86	31	5	33
5	22	73	39	8
26	70	33	54	86
88	71	95	66	52
53	52	5	98	47
1	57	79	8	11
92	68	82	78	25
43	72	9	88	19
81	37	24	54	22
99	24	91	66	7
90	94	31	19	48
68	81	29	62	16
90	71	86	44	60
64	60	43	76	17
22	46	85	54	33
49	17	35	53	54
34	6	66	28	3
9	87	15	57	6
77	15	96	58	72
61	93	100	12	100
59	69	90	53	29
65	55	13	23	49
83	6	15	86	31
72	49	46	39	8
69	73	89	33	59
32	51	6	1	30
2	63	63	95	15
14	5	83	27	63
74	5	45	16	10
72	81	94	44	85
76	39	10	89	66
60	14	21	90	77
23	97	33	40	53
19	76	2	95	27
20	64	100	38	43
58	83	70	75	50
51	23	10	22	93
18	61	57	81	29
66	62	98	95	90
14	91	27	66	66
75	65	96	7	97
50	68	65	32	76
97	97	12	12	95
58	94	6	90	84
48	41	14	2	48
26	66	28	58	45
94	63	91	93	37
78	15	67	82	23
57	86	35	28	92
48	66	48	3	5
78	98	52	15	13
97	70	69	16	73
52	17	19	3	36
4	24	34	99	12
88	72	23	42	55
69	70	29	47	18
85	27	65	6	79
84	80	27	96	79
60	24	11	10	83
86	3	95	54	87
69	1	56	94	61
53	21	89	18	15
86	92	12	49	12
88	88	60	61	75
40	85	64	71	8
100	69	90	76	99
46	21	11	14	80
46	1	5	55	11
68	49	82	6	69
7	99	84	89	55
80	94	67	23	41
53	98	1	5	70
84	51	87	84	70
8	93	48	25	85
9	3	85	54	75
54	2	24	96	65
95	51	9	100	80
63	21	32	90	73
14	4	38	52	42
24	93	26	24	7
62	80	7	91	89
76	88	23	75	48
96	100	95	9	27
55	89	87	16	2
10	30	50	94	7
69	33	68	99	94
6	47	40	29	47
13	39	75	48	33
2	30	76	52	71
40	52	80	19	10
86	50	50	66	11
87	20	12	26	71
84	66	82	95	48
93	49	77	47	68
50	50	66	53	93
22	10	93	57	81
58	29	35	56	84
42	70	34	79	4
88	75	48	46	49
81	40	66	35	5
77	10	51	39	41
49	44	75	18	93
90	85	67	85	39
53	27	89	32	39
95	65	7	41	16
90	97	60	5	78
19	47	10	1	26
53	74	51	27	72
41	49	14	17	33
46	42	11	51	39
8	6	52	32	75
43	43	88	84	27
5	51	49	3	50
64	30	15	57	38
75	20	34	81	75
50	55	29	88	55
57	44	84	22	91
82	98	94	17	28
100	24	73	35	4
81	94	1	98	9
20	84	3	24	1
88	48	29	1	65
68	65	33	58	59
15	1	89	72	72
79	10	49	49	33
10	48	86	65	14
77	44	45	57	92
18	65	25	60	73
4	3	92	69	26
18	70	41	72	100
26	69	26	78	12
40	12	73	66	96
65	94	26	67	15
97	57	96	32	6
53	39	26	89	82
8	67	89	44	71
43	32	43	72	8
42	28	46	28	64
74	13	51	87	10
90	78	59	16	34
33	29	77	93	45
82	62	94	46	60
93	57	6	21	9
59	34	47	86	79
75	95	41	55	36
59	27	42	91	38
29	49	36	24	36
92	90	62	16	37
98	71	95	76	13
53	87	43	1	71
32	88	73	77	25
89	71	70	9	23
11	37	19	35	90
100	22	19	36	82
48	26	95	12	80
25	69	90	27	11
58	28	55	22	99
72	52	18	29	42
70	8	76	22	8
64	44	19	4	1
91	72	88	24	57
50	29	31	21	38
22	2	44	66	73
13	8	34	33	34
24	71	74	50	84
56	63	61	20	79
92	21	30	52	34
90	6	38	32	47
62	8	12	22	41
48	91	71	95	27
80	34	82	48	25
88	99	73	70	40
38	46	23	89	53
6	97	80	68	90
30	87	74	35	40
20	42	96	8	15
36	77	92	9	42
96	59	14	17	72
31	3	39	4	62
83	92	88	15	74
51	17	78	87	58
91	19	10	34	16
48	17	68	67	49
26	33	87	24	25
61	60	48	89	47
64	38	24	19	8
73	64	40	85	3
40	69	75	95	65
44	70	43	53	15
6	60	64	79	41
74	50	62	53	66
80	78	12	45	48
84	25	54	71	50
21	37	29	75	97
75	76	32	95	70
85	2	77	42	56
86	88	2	37	98
49	47	40	60	63
20	36	61	94	48
31	1	86	1	80
86	50	88	88	68
58	42	92	57	90
45	24	38	18	30
31	10	76	14	58
54	58	40	62	77
100	92	32	70	17
30	71	5	32	24
5	71	22	95	88
42	42	36	10	88
2	7	87	65	72
15	21	58	64	25
48	9	73	91	33
49	62	32	52	16
23	4	78	71	9
91	1	78	65	46
94	25	38	41	34
64	64	90	55	17
37	21	53	17	42
54	21	80	99	15
2	42	65	74	72
54	52	95	41	53
37	73	99	10	54
98	54	93	58	73
46	20	65	65	35
54	40	32	60	12
38	83	56	70	69
76	48	23	72	72
4	65	64	59	68
13	85	53	70	85
58	3	11	5	14
61	67	95	18	36
40	91	88	63	69
43	89	24	83	65
82	25	24	72	35
9	21	23	51	24
16	27	58	95	82
53	76	87	82	46
55	81	8	35	73
45	67	8	64	46
43	5	28	89	26
95	57	66	45	56
18	41	63	42	46
8	63	76	76	46
61	97	91	90	3
11	48	81	48	22
62	25	15	100	96
71	26	16	43	74
58	20	76	1	12
73	3	2	17	71
5	93	40	40	10
79	55	22	82	60
12	5	41	96	49
13	40	99	35	64
69	36	100	35	59
78	69	97	86	10
42	76	19	50	21
69	73	46	84	47
6	8	90	79	1
3	100	96	64	85
87	63	36	41	57
18	89	24	46	28
81	8	91	79	55
88	48	95	35	35
14	23	5	31	32
42	90	60	69	23
4	84	98	57	14
61	10	68	48	68
55	82	45	27	54
46	3	18	63	66
86	82	80	59	61
22	72	41	85	71
15	43	85	90	83
50	70	79	93	1
34	44	55	47	28
36	62	95	55	42
49	99	81	79	19
52	41	90	45	55
50	27	29	21	12
88	40	9	20	92
49	68	55	6	42
7	40	32	98	35
71	55	40	38	87
80	82	35	62	39
62	98	13	26	61
41	73	76	48	91
56	16	42	30	44
42	4	64	72	17
53	42	42	27	36
95	55	80	16	71
1	16	54	46	89
11	17	31	38	30
30	3	74	31	17
35	34	85	90	49
75	94	11	80	72
98	23	74	98	67
22	84	87	53	80
88	2	28	47	86
63	53	25	54	15
48	29	47	63	4
26	93	75	31	8
3	31	92	99	69
8	19	14	45	50
44	82	68	92	69
66	7	78	6	22
77	87	15	36	36
19	66	76	40	67
74	63	29	62	21
22	50	92	33	89
56	1	61	61	59
66	2	62	62	21
65	3	2	84	97
44	40	55	44	41
8	73	20	68	1
75	7	12	81	22
77	1	42	38	57
24	24	6	4	23
27	75	43	93	4
9	56	36	27	98
68	81	10	15	60
65	6	5	49	65
40	78	62	83	96
8	44	31	63	36
12	93	66	69	40
64	70	8	15	51
97	28	66	48	95
47	25	85	55	64
4	41	25	9	53
87	84	76	73	65
24	95	20	37	97
78	51	26	41	65
97	5	66	44	41
77	83	80	26	50
17	70	28	2	62
33	34	91	54	27
85	12	82	6	89
40	1	83	99	64
47	50	51	55	3
94	34	5	91	50
57	54	36	65	77
44	12	63	60	7
62	13	38	60	46
13	75	67	52	25
2	20	82	77	13
75	69	36	77	94
60	73	89	26	3
11	28	80	52	14
17	25	68	10	8
13	9	77	41	71
39	69	12	71	27
48	79	7	81	95
98	6	63	8	93
30	39	17	95	74
21	26	93	56	53
83	19	86	90	45
10	32	28	97	6
1	48	95	67	62
74	2	53	85	77
42	70	34	45	54
66	46	48	16	43
42	89	22	65	75
89	22	56	33	54
12	58	12	8	44
97	21	3	39	83
63	22	34	39	23
91	59	24	54	1
7	48	32	70	63
98	7	38	36	65
10	60	99	49	7
5	43	41	5	65
75	78	49	85	55
43	79	14	47	67
83	10	42	32	57
72	46	100	98	88
22	27	4	71	79
98	43	80	90	71
74	19	24	57	93
46	21	27	32	4
23	25	87	97	26
27	97	7	44	41
40	9	14	50	28
96	27	42	3	81
97	80	16	67	41
16	90	92	75	51
5	92	73	68	89
21	84	39	70	93
82	57	30	59	9
32	64	3	18	39
81	79	9	57	14
59	90	33	45	24
21	91	92	39	3
71	80	55	14	63
64	54	28	2	21
57	47	3	63	44
12	47	10	51	1
23	27	47	99	4
18	23	8	36	25
2	57	6	39	55
19	66	6	33	20
22	42	99	19	62
71	83	32	94	54
7	74	20	85	67
82	42	38	8	2
21	63	49	13	2
17	14	67	58	70
41	88	7	30	36
91	57	95	38	17
7	70	88	39	82
5	23	37	38	63
100	40	6	24	50
10	85	25	9	2
85	40	51	85	23
90	27	17	57	40
5	19	68	77	75
67	99	18	91	87
77	60	7	18	32
51	36	15	61	17
21	99	7	54	34
23	36	9	78	52
31	43	13	30	81
76	55	34	65	98
84	38	72	11	4
92	59	2	67	68
10	25	96	8	21
9	54	29	8	97
58	46	27	60	36
93	93	66	52	39
80	47	68	18	13
2	25	61	86	77
10	18	14	78	26
74	20	14	71	11
15	3	43	32	100
78	73	42	7	27
86	84	88	70	31
78	8	85	82	34
23	96	67	14	94
57	24	24	3	7
57	80	54	63	82
36	30	20	79	66
33	89	48	5	17
71	23	4	35	57
32	99	46	78	20
84	67	21	54	10
43	13	85	27	26
62	77	100	43	32
64	25	19	69	94
80	34	8	37	21
65	6	63	69	84
11	44	95	77	8
29	52	40	17	12
7	83	84	90	30
21	33	72	42	80
62	59	11	68	44
30	1	83	87	22
26	8	52	44	16
24	70	55	17	83
70	93	99	58	78
48	38	56	38	55
23	7	13	17	33
72	100	7	92	13
7	81	99	95	97
5	45	80	43	52
65	74	42	28	74
66	85	97	12	23
29	48	72	9	4
94	96	9	53	13
73	52	63	31	3
40	69	7	70	17
24	85	17	62	6
91	81	49	96	76
70	61	96	81	45
85	98	67	46	38
4	6	9	92	83
31	84	93	83	6
20	75	44	62	52
43	50	32	77	28
22	95	31	70	14
53	57	68	87	100
26	56	57	79	47
72	11	18	75	71
61	26	38	86	37
27	86	30	47	54
92	61	71	38	92
49	69	93	94	67
78	39	75	41	74
27	41	60	5	18
62	27	98	86	98
17	38	58	93	22
12	13	100	91	10
78	60	55	50	82
55	2	89	13	70
82	41	97	25	31
78	3	17	16	97
11	97	95	54	28
42	8	19	46	44
48	100	34	49	51
33	22	70	76	83
61	95	48	91	2
73	100	23	62	10
35	53	4	72	43
53	59	89	73	9
92	5	97	49	92
36	64	7	86	33
77	30	53	13	2
23	17	85	7	65
41	73	88	28	9
45	28	51	12	76
82	10	92	59	89
67	37	31	15	11
89	94	10	59	56
77	40	39	52	39
96	50	64	15	24
69	37	33	19	5
18	67	95	81	85
89	74	55	28	58
12	83	98	5	85
39	56	10	52	55
71	40	97	35	32
48	82	65	8	94
34	72	56	52	51
4	99	94	30	97
6	21	73	32	60
87	30	89	10	46
25	49	100	39	59
65	11	57	83	36
58	69	96	74	99
82	80	17	80	77
48	59	54	33	53
41	6	44	1	44
47	47	72	27	2
98	53	41	28	91
80	78	24	84	20
2	26	55	76	18
6	8	100	74	83
50	89	16	31	6
75	6	2	54	40
35	29	66	85	66
59	73	40	71	46
55	9	31	79	12
8	47	14	6	71
11	18	12	67	56
41	59	21	47	3
73	69	68	56	58
52	7	52	21	41
27	95	44	9	30
27	82	40	68	5
6	78	26	8	42
63	36	60	30	22
62	6	12	36	52
63	7	87	29	91
36	87	3	70	55
13	41	25	80	32
64	25	21	57	98
97	90	2	13	64
49	70	59	56	69
91	63	99	54	98
95	52	2	51	17
40	1	66	41	42
17	92	46	84	89
88	48	42	64	81
19	68	20	34	17
52	57	94	17	54
87	2	20	68	60
99	34	33	39	98
81	94	53	41	87
36	70	97	2	82
36	23	79	45	69
16	13	90	21	4
53	10	91	59	76
9	89	10	64	15
56	48	38	40	26
38	56	92	85	15
38	13	75	38	59
2	22	53	77	57
86	32	67	100	83
29	61	24	52	2
52	1	59	35	96
29	21	73	34	66
44	85	21	40	1
81	46	99	14	99
4	96	25	17	30
4	53	51	62	5
70	44	61	7	11
27	35	92	56	73
61	83	32	72	90
13	26	94	88	81
67	62	97	49	87
8	3	37	35	40
48	52	12	63	27
50	75	68	1	85
100	83	87	97	30
43	2	50	55	90
65	99	86	69	45
76	98	46	97	37
52	98	18	100	64
62	35	29	84	25
64	100	87	45	36
10	3	6	32	21
5	92	98	94	9
13	21	78	84	85
74	86	28	94	54
19	53	28	13	93
1	57	45	5	10
36	19	16	59	23
78	1	1	7	43
9	66	64	100	62
68	56	69	15	53
49	49	56	96	9
69	11	39	82	78
88	38	71	39	46
96	49	69	43	84
87	91	22	71	93
55	79	78	29	97
37	71	37	63	1
69	39	82	2	2
30	63	63	3	38
79	35	39	38	51
84	19	88	13	47
47	17	94	52	92
89	83	15	64	56
63	9	74	59	87
78	27	68	19	47
25	89	30	97	24
92	95	28	17	71
85	40	39	58	67
35	48	64	43	41
73	46	83	6	42
27	42	73	66	79
87	26	99	84	19
66	7	26	29	5
42	77	22	35	73
7	25	51	1	4
56	68	85	64	70
28	52	70	12	30
37	45	12	40	53
87	67	22	21	36
27	11	12	24	74
28	15	63	97	51
75	16	57	22	68
67	59	17	41	18
67	45	8	14	4
33	40	25	78	93
95	80	56	63	73
13	87	39	32	70
47	52	92	76	54
35	95	38	16	50
41	66	97	60	95
74	48	5	84	20
77	31	35	16	9
46	91	54	69	40
81	26	46	25	21
28	18	33	77	95
57	97	25	54	84
8	27	62	14	55
91	61	53	6	63
77	3	23	19	24
85	36	37	15	34
37	29	85	90	86
6	72	66	61	5
82	8	53	45	34
55	9	15	18	86
35	66	55	51	49
87	60	9	96	91
93	27	28	31	31
62	63	69	95	40
28	62	5	18	51
55	29	44	16	68
29	21	67	95	57
11	11	89	66	42
35	28	15	89	47
52	90	57	70	15
48	82	73	53	10
14	8	23	13	9
33	12	18	36	2
12	99	19	32	21
26	81	69	85	82
91	81	18	25	60
9	33	29	77	56
95	55	53	43	55
55	7	4	4	39
12	34	81	34	42
3	43	57	92	51
48	39	40	33	30
37	89	92	92	100
70	51	8	54	84
31	98	62	4	14
18	36	64	51	4
100	9	63	16	12
25	67	90	41	75
8	10	63	70	59
53	94	93	28	91
49	24	23	9	75
10	31	93	96	87
67	32	77	76	93
87	52	41	10	35
80	26	11	77	50
42	78	88	53	16
55	86	27	75	20
90	7	11	37	3
25	40	85	43	3
41	42	69	23	89
71	86	42	44	23
52	11	36	67	98
5	1	55	65	84
21	40	65	27	18
12	8	55	95	2
96	56	88	98	90
41	35	68	69	54
44	89	79	100	23
1	80	56	88	8
75	56	10	11	71
34	49	66	42	54
16	24	5	14	46
8	4	7	8	34
62	32	77	79	45
66	70	50	14	89
52	48	55	88	47
18	95	10	97	84
76	63	85	23	11
100	24	58	70	79
37	85	10	3	71
4	33	85	82	29
86	60	59	10	67
54	29	82	90	21
33	66	17	71	76
17	89	10	63	1
33	14	36	5	44
54	22	81	1	9
12	40	32	27	91
47	50	29	50	56
5	96	12	6	47
39	73	81	78	16
65	5	12	68	53
82	54	78	51	15
27	45	39	21	47
23	47	19	9	19
79	74	12	67	8
71	80	11	67	76
38	18	98	18	71
58	55	10	95	53
38	79	91	78	40
79	41	51	32	15
16	12	47	15	32
60	27	60	27	96
7	29	49	78	28
92	33	73	17	73
33	55	76	95	21
23	57	60	45	81
42	80	35	71	78
63	42	6	83	32
58	68	96	47	55
79	95	88	58	55
94	76	37	7	14
63	100	91	56	17
37	51	18	39	49
53	8	75	40	17
21	34	50	39	79
28	48	70	59	33
33	34	94	34	48
52	91	34	29	62
24	63	41	62	50
59	8	30	24	96
45	23	90	97	66
97	97	27	83	34
35	100	36	28	7
4	48	18	49	83
16	51	26	100	61
64	4	35	86	77
34	70	80	1	68
66	23	72	26	64
28	24	26	78	23
64	15	16	10	84
100	69	3	66	76
83	24	38	70	66
53	37	71	7	41
25	51	38	91	78
16	10	9	9	33
60	3	79	68	14
10	61	5	27	58
15	84	17	10	47
70	17	35	33	13
72	3	34	16	29
17	90	96	71	73
85	78	93	71	89
10	76	91	92	59
11	41	34	13	48
51	100	55	29	81
32	93	76	73	79
53	78	45	74	23
48	84	25	28	72
8	23	79	16	21
58	90	1	65	83
48	9	34	48	71
71	13	53	94	45
62	77	80	15	85
15	30	77	60	32
1	30	89	47	18
76	56	47	71	85
56	41	94	79	89
43	80	10	80	10
5	13	78	52	12
90	88	16	31	7
87	81	74	92	6
55	13	37	31	94
50	50	19	17	53
38	75	54	53	100
12	19	9	51	25
37	18	32	99	25
36	92	59	37	71
27	36	36	59	95
87	55	43	100	96
29	40	79	26	20
42	93	66	11	30
97	67	82	1	38
59	65	89	98	92
44	18	17	81	50
2	4	16	45	27
47	26	46	79	87
93	73	71	79	72
47	18	11	63	45
96	58	41	91	58
29	17	70	56	14
1	6	43	10	17
49	95	33	54	26
94	57	9	80	77
67	89	18	61	80
50	65	31	20	88
64	43	93	7	35
42	16	98	50	92
38	38	37	73	81
82	67	88	84	20
38	4	25	15	90
36	62	3	65	12
94	99	47	62	29
91	97	87	50	72
81	95	39	46	84
90	91	23	22	74
66	53	34	40	83
95	44	34	3	85
52	45	66	62	78
2	66	89	18	15
94	99	46	24	85
88	64	1	51	73
68	32	65	4	54
99	38	70	97	46
26	24	17	16	18
36	38	65	92	53
21	4	39	98	81
36	14	6	84	32
24	27	100	45	40
88	53	17	30	79
78	68	80	51	75
32	7	7	55	74
52	94	27	70	58
76	74	73	48	83
70	23	40	23	59
59	71	57	77	45
94	15	82	27	54
45	13	91	40	59
9	16	81	95	90
71	55	75	71	55
34	14	53	43	18
82	94	17	18	88
16	94	56	51	59
73	72	85	66	91
35	16	78	13	81
16	56	21	84	3
33	66	63	49	27
19	19	62	87	23
32	4	86	78	24
4	11	43	39	50
59	27	68	28	84
17	18	53	36	6
74	93	100	63	12
47	46	17	85	47
2	75	75	31	60
24	30	37	84	22
75	85	91	83	41
60	36	36	68	70
43	26	60	78	2
75	66	89	31	96
61	52	14	86	79
20	58	67	52	1
23	16	13	88	81
100	56	71	40	86
4	2	92	45	66
19	21	46	22	37
75	17	61	47	78
94	45	88	46	72
44	13	56	18	77
5	57	49	13	36
29	90	62	100	4
69	9	14	53	26
29	50	34	70	15
83	29	16	45	11
54	11	68	74	7
63	21	95	51	33
26	58	10	26	59
1	98	83	51	74
62	60	44	29	92
25	34	67	62	1
2	73	85	15	97
23	2	92	63	37
77	65	58	97	64
9	24	78	31	19
68	27	22	86	84
10	92	86	69	55
6	34	77	52	65
17	85	21	79	55
72	16	97	99	21
66	98	90	17	13
47	41	16	17	83
21	38	97	78	9
84	62	6	63	93
95	9	32	72	86
2	43	62	9	99
43	60	81	70	10
41	37	38	23	87
7	58	36	52	51
23	52	2	84	60
4	1	51	59	13
77	6	1	21	80
43	30	58	45	30
62	32	66	95	20
84	62	33	17	71
5	45	18	20	78
1	98	69	44	16
78	91	48	34	10
8	25	83	86	66
62	55	57	43	60
51	69	20	82	58
64	60	66	31	19
48	51	99	10	73
33	57	78	39	32
86	77	45	100	42
90	12	98	39	54
93	20	79	75	25
74	83	58	36	30
21	85	76	66	81
39	99	62	71	63
63	71	55	69	11
2	68	18	21	58
94	31	85	48	35
58	9	90	55	27
93	74	52	50	75
66	39	88	45	33
41	36	2	15	23
43	23	54	37	85
50	78	32	35	87
79	5	100	23	54
78	19	13	91	56
69	31	84	45	87
83	74	15	67	73
13	38	21	38	39
76	81	54	44	28
23	82	46	55	27
35	48	21	45	58
85	84	91	39	98
48	27	23	99	53
61	86	76	1	44
93	2	36	10	33
57	52	74	86	57
74	86	14	84	1
72	37	21	94	18
87	38	82	72	98
25	46	52	1	38
60	75	89	32	7
2	45	3	4	81
25	30	1	42	48
41	34	50	17	3
4	100	86	78	98
23	39	26	96	6
16	53	91	77	11
51	76	52	90	87
93	98	87	47	78
26	71	34	86	59
79	62	23	8	96
8	84	4	73	52
56	74	79	32	25
23	50	26	10	12
90	49	73	75	79
51	31	67	76	4
83	56	92	76	75
82	77	76	19	76
97	31	86	91	100
20	36	27	60	76
24	6	68	39	51
51	72	81	73	39
23	38	66	57	18
15	70	77	82	13
15	4	44	78	68
97	37	27	34	32
6	70	48	82	44
41	92	37	43	43
57	21	18	5	14
39	57	20	93	25
11	89	99	9	70
18	16	98	19	54
77	50	44	87	40
76	14	20	17	44
82	38	38	38	55
54	3	24	65	80
6	52	69	95	84
60	23	55	4	31
69	60	81	20	62
90	97	17	20	42
69	52	42	87	12
78	98	92	92	33
58	47	24	98	48
16	24	19	99	89
59	70	96	18	31
23	30	44	27	68
16	96	20	73	38
74	60	69	43	39
39	3	15	34	67
46	84	95	89	15
42	36	39	91	70
39	51	11	80	39
85	33	94	59	87
21	23	59	76	88
71	74	8	73	6
40	45	49	1	99
76	23	25	23	61
68	95	80	32	4
72	39	13	12	57
85	5	3	74	80
7	16	84	39	66
50	3	7	59	84
14	42	45	90	79
74	40	58	81	97
46	23	7	47	48
42	63	46	38	72
2	17	40	68	52
58	10	22	35	25
84	64	45	21	92
84	30	92	38	56
40	51	35	68	31
91	46	75	86	33
26	43	24	1	76
84	11	46	36	24
47	63	61	91	72
100	66	76	3	72
87	72	54	91	96
58	1	77	73	30
42	3	80	43	67
59	38	61	31	78
62	87	32	70	2
45	41	55	94	21
72	8	29	85	10
64	57	40	18	26
72	21	61	40	29
88	91	63	85	9
12	97	75	79	62
24	39	98	69	56
71	45	44	23	77
27	48	26	24	62
29	86	25	76	11
72	25	74	90	38
89	95	5	42	55
42	57	75	89	93
1	53	73	60	51
24	75	77	26	98
9	45	73	47	94
79	7	22	53	72
22	28	51	75	4
25	93	93	19	54
40	6	34	47	100
44	77	91	41	37
95	45	22	46	9
49	5	86	83	47
99	51	97	25	97
41	6	14	50	36
17	12	32	49	92
53	49	87	2	81
46	36	73	23	45
98	64	84	33	2
57	36	49	28	63
73	62	37	94	82
51	56	58	60	92
80	89	52	39	99
72	67	42	5	86
15	55	28	65	78
4	93	2	58	100
15	41	86	67	100
98	95	27	30	46
77	69	45	57	89
75	91	81	96	67
73	7	31	18	85
45	75	84	77	36
5	20	72	5	15
86	31	7	91	85
29	14	15	1	15
13	51	38	93	23
64	83	80	22	67
81	70	23	74	14
19	57	43	74	84
62	48	15	26	59
90	87	89	44	61
8	85	57	43	8
87	21	13	26	92
9	73	68	21	20
18	41	19	23	31
29	34	68	90	76
1	85	41	20	44
87	71	10	64	28
1	21	84	16	95
25	87	25	27	53
20	98	93	39	11
81	84	19	46	49
4	47	100	81	29
85	82	54	69	5
50	86	76	4	95
33	79	79	52	74
90	70	91	78	76
14	30	24	8	19
91	71	14	31	99
89	46	48	53	11
28	55	13	60	58
50	42	76	4	15
70	8	38	42	88
4	84	50	60	49
96	52	25	92	32
15	57	55	33	35
71	84	79	42	56
45	4	21	11	31
55	86	59	32	62
5	14	24	82	18
38	71	78	12	55
3	28	57	40	76
56	71	32	12	94
47	7	79	57	18
98	31	25	26	33
98	65	69	37	96
36	26	80	20	95
75	98	20	24	3
81	58	70	78	58
30	83	75	53	96
1	38	11	10	54
29	31	55	16	99
28	80	37	29	24
41	21	53	1	29
37	23	47	26	13
9	34	60	72	8
84	63	97	39	58
58	93	47	62	78
58	28	69	85	16
18	7	32	28	64
9	82	47	94	15
86	65	39	53	35
2	51	96	46	39
77	33	7	44	5
75	72	4	7	64
94	68	58	31	81
66	85	50	96	6
30	10	38	45	30
20	96	36	78	61
75	29	19	41	62
6	39	10	98	8
89	18	75	36	37
2	96	36	29	26
78	19	12	91	87
10	17	71	12	55
91	81	90	24	12
97	4	20	86	25
86	42	4	6	88
26	50	6	3	35
6	65	72	39	93
31	95	99	98	74
92	32	60	6	96
32	27	95	88	87
44	7	85	32	76
87	98	21	48	5
25	81	100	75	32
33	26	19	74	46
30	2	31	54	67
55	14	50	37	81
53	74	71	71	1
1	9	32	29	75
4	57	3	40	36
49	76	9	87	38
16	67	7	60	90
7	63	73	90	35
90	66	67	51	21
99	44	60	66	30
23	19	87	49	17
44	90	92	27	87
27	22	71	89	49
1	54	98	30	21
30	72	26	32	40
24	2	68	79	35
20	19	56	46	20
8	89	7	84	92
62	65	64	98	74
16	54	85	88	21
67	52	97	38	92
14	71	45	1	62
67	58	38	87	15
74	92	98	10	49
9	72	66	17	37
5	5	42	90	7
31	54	84	83	75
54	81	4	98	52
8	77	80	82	92
22	1	96	83	28
82	54	66	4	36
23	76	72	90	84
30	39	7	98	80
70	74	37	33	22
75	39	1	32	54
70	62	24	73	53
47	27	16	60	12
57	24	32	12	79
52	96	3	57	24
38	69	42	23	10
47	53	80	96	80
85	91	90	37	61
43	93	42	28	50
91	68	97	74	18
45	14	2	19	74
25	90	91	37	19
89	26	1	90	48
96	87	52	28	69
47	53	80	25	81
59	26	58	59	20
2	62	37	65	75
82	22	97	7	60
96	19	9	10	2
70	12	89	49	19
84	20	54	40	100
23	13	19	71	40
11	72	72	35	11
48	20	47	11	23
98	28	48	33	60
37	64	95	67	51
65	95	69	1	34
64	19	54	88	93
15	1	66	67	76
59	66	66	19	9
23	30	47	33	91
64	31	40	17	47
13	89	25	65	69
5	24	54	89	73
87	17	88	72	70
82	44	59	12	16
95	46	86	12	62
78	52	48	60	86
47	3	91	25	20
40	40	35	86	60
16	80	20	71	81
39	19	46	95	87
12	91	8	6	19
30	13	31	66	1
17	71	67	56	73
71	81	45	27	29
72	64	63	50	40
20	7	81	94	24
50	25	77	19	29
84	80	26	9	2
36	25	40	2	35
47	13	50	53	91
12	92	66	53	17
2	48	96	73	26
23	35	64	83	61
57	47	41	99	57
15	17	10	16	84
76	42	84	23	40
28	94	54	23	52
70	7	46	6	14
34	55	16	94	28
93	42	2	85	75
56	49	91	28	88
42	34	9	40	86
34	98	67	21	7
98	88	15	84	29
48	45	93	17	68
43	48	88	54	13
25	63	5	28	50
30	48	52	36	47
60	95	58	17	7
42	50	33	70	53
87	16	29	5	55
11	6	58	46	75
76	30	23	65	61
1	25	11	54	51
97	17	64	49	19
24	94	30	34	69
96	92	49	3	23
18	91	53	2	85
9	71	95	24	46
77	50	80	9	88
19	96	18	97	65
4	86	3	71	2
46	40	87	13	65
20	40	86	51	24
93	66	61	6	38
63	92	64	67	72
81	48	9	97	22
16	16	69	6	65
79	64	16	86	77
86	65	8	20	34
8	17	25	28	32
6	27	31	77	52
39	73	22	91	65
23	8	64	69	21
57	2	33	5	9
57	39	43	69	59
55	12	88	75	13
71	42	33	44	86
70	5	69	17	46
17	40	68	59	5
47	55	99	84	17
40	67	28	99	86
55	1	44	94	10
59	33	10	70	11
20	64	36	28	73
72	14	98	91	86
55	59	96	1	47
52	29	18	46	4
91	86	33	29	97
13	8	6	39	34
83	40	33	3	61
76	99	65	15	51
77	54	25	46	73
96	97	17	26	19
22	52	86	44	72
61	85	58	57	78
13	44	25	36	5
35	27	23	56	1
48	63	96	65	14
87	9	2	64	86
12	22	79	5	64
4	36	71	24	40
22	45	86	31	66
85	87	80	45	27
35	63	29	39	76
30	41	100	85	61
27	51	71	20	89
84	7	42	57	10
74	6	44	64	36
39	40	37	86	87
52	8	98	13	81
23	100	44	63	92
72	10	29	88	61
86	96	5	58	53
66	49	24	40	89
51	29	7	32	49
39	96	57	17	74
89	32	61	78	53
13	76	18	33	75
100	64	6	43	39
82	58	78	81	48
65	7	51	42	70
36	88	56	15	15
82	98	28	9	66
2	73	100	4	10
27	37	81	5	45
63	99	45	88	93
23	93	3	61	68
94	49	97	12	14
60	27	74	83	46
43	51	65	13	82
89	12	52	78	95
65	88	77	92	44
55	90	40	26	68
38	55	89	10	58
65	39	95	85	57
41	62	45	94	11
99	84	96	57	55
38	27	19	5	42
29	14	75	22	46
72	11	66	71	62
11	21	34	7	39
10	91	68	17	91
95	19	100	29	19
22	40	4	56	77
69	96	84	19	24
6	71	24	40	60
14	34	17	68	87
71	22	100	71	21
32	29	96	86	50
46	10	97	39	95
28	64	26	35	66
30	32	50	6	24
19	57	8	73	44
13	2	97	61	49
53	34	9	52	67
67	84	82	6	29
18	32	12	13	44
41	41	51	9	15
14	17	30	29	72
76	87	11	51	68
97	44	38	64	11
29	55	44	46	54
3	50	40	96	68
10	99	94	85	52
41	52	89	37	78
64	70	27	29	3
66	76	88	74	1
41	90	62	6	67
80	79	84	56	99
40	67	6	54	88
47	97	30	88	22
59	13	11	75	32
48	81	27	58	17
43	84	5	12	97
33	36	88	18	96
22	70	30	32	55
77	26	28	86	70
39	66	62	26	3
26	11	18	97	39
83	100	50	44	100
59	37	81	9	59
82	66	8	85	6
3	25	96	61	70
57	25	57	23	25
87	6	12	57	94
61	26	81	42	93
10	9	85	27	80
99	23	98	4	64
96	61	70	56	54
84	58	22	86	45
22	73	94	4	59
36	100	61	20	26
4	31	44	66	34
42	97	20	53	36
63	2	47	31	4
99	93	94	65	56
71	21	59	53	85
10	32	35	90	93
52	96	72	5	16
9	12	88	15	69
11	54	59	60	37
92	8	70	78	41
68	29	46	82	80
14	100	45	15	89
64	100	1	71	75
91	79	32	28	4
49	38	82	1	75
51	13	21	23	27
21	36	32	51	4
50	62	1	40	8
22	40	7	71	23
16	1	41	27	50
88	10	50	97	76
78	61	87	36	50
15	98	47	66	52
55	28	82	90	60
52	45	65	9	53
74	76	35	89	24
58	42	64	75	48
2	77	63	37	36
22	6	38	88	90
79	19	28	87	3
100	17	15	3	43
98	53	47	67	67
9	2	52	13	31
89	87	91	80	33
98	90	14	12	11
25	42	97	40	35
22	85	72	30	97
9	53	57	76	38
26	47	36	21	52
60	98	41	28	32
79	22	2	95	76
59	5	33	13	82
60	83	3	49	41
43	100	1	62	41
54	12	70	18	28
92	96	28	20	66
29	38	98	23	7
68	8	20	21	9
75	28	92	92	32
55	14	82	57	22
32	12	85	58	15
87	97	87	12	32
71	35	32	85	57
39	19	85	58	7
39	69	38	25	82
84	96	42	52	7
26	22	96	31	42
73	19	87	9	45
81	28	43	22	53
56	87	81	38	38
32	28	84	12	34
62	100	67	2	76
9	85	86	99	63
58	40	55	3	90
44	27	42	38	23
13	83	7	18	98
62	86	92	93	61
90	80	34	37	24
69	89	35	1	17
32	49	66	14	36
32	74	31	7	36
55	65	23	80	39
59	74	21	87	57
10	93	76	24	85
73	71	27	57	55
52	47	85	10	60
59	80	54	16	30
28	21	54	22	43
29	9	85	72	76
3	83	5	63	100
18	33	46	41	76
77	55	100	48	1
57	94	7	80	31
21	14	19	4	58
82	40	38	14	27
44	21	34	54	76
23	39	89	30	18
77	84	91	45	51
96	54	9	83	44
71	62	99	19	3
82	80	25	37	51
51	15	23	13	89
36	68	28	13	23
8	23	79	35	60
98	59	47	8	44
22	52	15	93	97
18	42	86	90	61
71	82	26	30	26
26	59	77	81	39
69	87	11	15	15
40	43	100	64	56
32	63	81	31	46
74	40	14	42	5
88	34	32	53	13
41	11	87	84	92
21	89	54	58	51
12	28	27	98	53
46	49	42	29	59
17	34	43	60	37
85	37	49	63	40
16	65	53	25	10
100	64	3	57	10
76	75	66	42	43
85	78	13	19	20
49	41	81	84	67
53	68	21	40	66
88	34	83	20	45
62	34	21	28	98
77	100	95	67	25
81	64	48	20	13
6	4	34	54	40
1	28	89	94	59
38	63	4	6	10
16	79	61	80	10
97	20	12	30	31
16	26	29	100	77
84	96	58	16	100
91	33	30	16	34
91	31	50	50	88
11	53	44	25	42
22	45	67	74	28
28	13	51	57	48
77	83	43	63	25
67	36	75	69	17
82	67	8	42	38
95	49	8	60	57
91	39	32	65	63
79	95	57	45	10
23	45	80	96	43
25	64	93	46	68
59	69	75	40	58
100	99	29	88	21
20	95	26	10	59
17	36	95	14	70
22	41	16	4	53
86	33	94	53	93
65	69	82	18	99
82	77	6	22	31
74	34	23	100	89
74	72	38	89	24
12	10	15	23	89
72	57	67	12	38
4	94	51	49	40
84	38	74	63	44
23	14	83	4	23
3	90	60	43	11
96	72	6	87	72
7	49	9	48	90
51	3	32	77	42
23	27	88	71	68
7	26	56	9	68
91	26	56	100	50
35	41	76	39	48
54	43	84	94	8
13	97	19	89	51
70	12	86	94	16
78	1	38	32	84
6	95	41	91	87
66	36	82	25	66
56	60	76	15	18
87	91	11	59	32
86	1	71	39	42
7	66	10	87	85
76	2	16	66	86
91	30	41	14	14
52	31	33	32	45
47	70	76	70	91
75	68	3	38	53
40	95	58	68	38
85	38	94	61	27
98	51	26	86	23
3	96	20	22	78
59	78	25	81	34
35	90	69	64	23
71	7	10	50	89
26	75	54	82	56
51	21	21	76	67
11	55	20	79	55
52	6	94	47	70
50	74	92	14	30
68	51	97	7	16
42	15	93	40	97
8	44	26	43	61
52	67	56	41	37
31	45	33	80	61
1	89	44	54	66
71	95	94	25	30
12	71	7	83	100
33	38	32	13	57
72	17	56	36	56
55	6	74	71	53
29	64	47	76	7
1	74	21	92	37
21	29	45	84	32
27	91	91	11	91
47	68	50	94	21
4	30	64	70	32
99	2	52	80	10
93	66	49	68	68
11	41	52	17	12
56	2	35	25	26
81	58	70	82	61
91	22	60	11	28
30	70	14	10	4
4	70	5	26	8
93	6	33	40	9
64	96	4	28	62
2	69	34	26	6
63	97	36	35	58
64	99	7	72	41
73	23	19	5	83
26	84	33	92	26
79	71	55	12	82
60	18	65	36	2
9	89	36	54	91
13	25	18	100	63
49	3	10	19	66
87	42	64	26	95
76	71	11	87	88
23	15	52	34	7
90	86	90	47	90
82	84	13	30	21
45	13	99	16	93
3	32	19	9	88
72	2	62	66	89
28	15	81	93	32
59	75	80	85	42
26	29	26	57	50
62	81	85	41	99
70	78	65	8	40
91	70	34	100	93
24	74	90	53	82
57	42	47	60	80
39	28	70	61	90
27	92	8	66	24
52	85	14	84	53
99	15	68	12	88
46	97	46	87	82
75	28	36	23	84
61	36	41	99	78
28	59	19	100	1
46	7	73	55	77
43	47	25	12	53
56	72	52	59	87
36	21	76	79	70
53	41	86	11	90
70	54	91	64	77
96	15	85	6	85
19	11	5	15	9
78	17	66	47	2
70	85	42	12	69
29	69	36	77	50
74	50	86	20	67
25	13	44	37	98
58	65	93	100	41
45	10	56	72	36
52	85	23	78	4
39	61	55	6	92
10	84	79	74	23
55	45	56	81	34
81	47	21	17	40
74	53	48	73	22
63	79	16	14	24
35	37	62	93	19
6	27	38	29	11
58	43	71	63	41
99	90	38	25	81
39	99	74	2	59
94	43	13	41	31
76	95	84	3	98
15	14	83	79	81
75	31	7	63	53
99	24	35	14	73
100	56	37	98	9
3	25	76	89	100
13	9	93	90	31
84	85	98	74	99
45	60	42	67	50
55	13	33	70	45
37	76	53	63	35
30	41	85	50	77
32	54	67	5	32
69	57	58	16	92
30	33	74	30	23
60	8	14	89	61
81	24	32	94	66
10	42	63	25	69
86	62	71	49	85
1	19	92	15	80
84	17	44	84	48
20	86	23	69	90
18	89	23	39	46
62	51	46	24	71
3	42	36	33	19
1	30	42	5	46
38	88	63	18	51
76	40	17	54	37
66	81	25	83	46
20	25	78	11	16
13	82	81	21	38
69	99	49	9	89
16	45	7	93	13
37	62	100	8	19
61	61	41	91	6
22	100	19	57	72
49	43	96	34	81
51	3	14	88	90
12	4	75	6	31
27	90	48	46	69
48	83	15	71	60
88	37	15	60	13
24	7	61	44	19
79	60	40	78	50
54	66	85	53	46
6	31	30	3	50
51	19	87	47	92
50	77	48	98	55
85	70	17	2	97
74	8	87	86	84
69	28	10	47	89
87	34	63	35	22
15	85	45	67	13
27	90	55	21	91
6	59	26	56	39
78	68	10	45	42
97	46	64	21	43
3	47	66	73	67
78	93	69	100	90
75	5	21	8	64
14	81	94	40	94
70	76	52	91	35
22	14	64	45	81
10	36	25	52	2
18	39	42	39	61
89	1	60	50	15
65	92	94	20	7
57	20	84	53	5
29	6	64	39	49
63	56	19	6	86
16	73	65	32	80
15	11	39	81	99
16	99	97	33	14
63	82	45	21	84
99	48	14	86	81
99	68	28	78	24
99	82	56	53	54
79	61	74	18	50
20	26	78	40	74
57	68	84	41	79
19	32	70	64	11
47	71	42	41	59
91	42	80	67	92
50	51	98	21	13
77	73	86	97	62
94	43	63	100	5
82	52	88	9	42
18	43	94	43	28
44	97	56	4	42
3	41	48	35	14
10	28	27	25	71
37	81	30	76	92
92	8	48	1	4
91	24	55	65	48
85	99	77	16	34
12	58	15	40	31
46	69	63	14	76
42	86	23	76	92
62	36	78	51	78
89	39	19	32	40
63	49	2	64	19
29	26	83	83	89
39	56	97	81	34
57	35	54	46	59
29	45	50	64	15
53	81	75	8	93
26	6	72	90	25
31	58	50	98	23
25	58	94	71	95
51	46	15	27	18
74	95	19	1	68
69	77	46	96	75
78	85	96	100	60
87	64	52	90	10
42	39	92	86	73
91	77	64	6	2
63	2	61	4	91
36	73	87	79	90
49	9	37	50	50
5	17	33	64	43
59	33	5	56	20
68	5	90	16	77
43	23	82	53	29
84	8	43	25	92
50	52	17	71	21
27	84	41	41	59
41	13	76	7	35
20	33	3	40	3
12	88	19	86	69
11	66	11	48	20
50	91	34	74	39
39	60	2	40	36
11	63	61	49	95
94	73	43	80	83
45	38	59	62	97
13	48	67	52	93
45	2	43	86	23
37	56	70	49	37
78	97	13	3	70
88	88	33	61	77
14	68	84	50	55
61	59	73	43	83
24	37	94	17	16
48	54	4	23	58
82	80	98	32	15
2	84	97	69	14
13	58	98	61	82
61	76	56	10	4
48	31	97	58	84
97	15	63	16	67
51	2	61	68	88
56	26	92	48	77
19	93	25	57	60
28	78	18	44	13
49	22	45	70	11
33	55	12	75	38
6	63	29	21	18
56	71	48	72	14
55	76	62	51	34
33	6	3	46	8
42	93	49	41	22
76	13	26	99	14
21	99	43	89	82
45	13	35	20	37
7	83	36	13	98
59	50	14	45	21
80	51	32	40	32
60	14	19	16	16
43	58	17	81	68
43	50	47	39	43
97	11	72	40	26
67	97	12	42	83
96	46	21	58	83
47	42	28	93	95
96	6	100	62	50
62	40	32	93	67
78	30	20	89	7
25	54	7	37	43
96	42	51	73	92
24	60	41	65	30
42	83	14	59	20
50	57	40	25	1
55	7	50	23	26
42	87	70	37	15
81	17	39	35	79
46	91	59	13	78
62	38	56	95	10
31	90	18	87	76
75	56	51	60	56
44	38	70	50	64
69	24	39	3	26
18	77	50	39	80
57	70	55	99	3
91	72	50	66	3
70	84	7	35	93
99	25	29	52	83
63	38	79	93	34
93	87	50	64	78
7	84	31	2	81
74	70	50	27	43
96	2	58	38	42
39	56	59	29	31
96	67	31	74	13
7	6	15	57	64
10	49	3	26	90
91	39	64	66	64
78	38	8	47	67
39	25	100	76	72
30	94	81	61	90
95	77	64	94	76
76	19	11	48	98
92	6	12	42	90
90	100	8	15	82
12	21	74	82	4
99	16	6	49	2
41	84	63	27	46
13	25	3	17	24
28	72	58	93	90
58	2	25	6	68
36	80	42	31	74
73	71	19	92	20
75	80	97	3	91
95	46	15	6	75
64	20	83	91	20
16	64	43	100	68
59	17	10	81	70
83	39	56	3	69
100	26	65	47	45
40	50	95	44	9
45	56	84	95	39
36	98	60	38	22
39	71	50	52	26
31	97	12	69	6
96	11	74	98	25
80	88	41	63	68
39	24	11	70	37
24	38	34	70	29
50	41	25	53	49
20	63	33	78	42
20	12	98	84	30
14	24	89	31	19
42	39	91	62	57
58	49	34	57	24
3	90	28	85	81
99	25	94	84	85
60	49	52	100	37
17	17	94	83	49
78	79	15	6	19
89	82	2	88	40
31	72	100	5	6
73	19	9	53	43
12	86	8	5	78
15	81	32	53	87
17	28	72	11	27
36	88	55	39	33
34	88	1	76	69
70	21	57	98	37
30	12	70	74	32
93	9	39	62	53
32	46	87	87	75
57	25	91	46	50
31	60	2	11	8
10	24	16	37	15
60	33	60	85	32
58	14	86	95	74
86	6	30	51	94
61	85	15	80	40
27	21	99	22	84
27	74	34	26	43
66	100	85	37	8
27	87	46	14	11
27	97	60	70	85
55	85	57	14	69
3	27	8	22	66
8	48	13	24	41
90	100	38	80	39
47	95	20	12	85
8	33	33	42	46
55	88	51	55	76
65	24	14	78	29
1	77	58	62	59
80	72	23	77	39
24	25	79	52	91
51	68	7	58	69
95	90	22	67	38
63	25	36	50	18
85	14	100	45	60
8	11	74	50	47
11	20	15	69	95
74	77	39	77	22
4	18	66	62	70
37	9	15	61	4
61	67	30	26	28
3	42	20	30	25
34	51	57	73	29
90	52	30	86	72
98	46	99	1	65
44	46	34	84	16
82	35	85	95	13
22	92	49	54	48
87	34	92	19	5
88	63	21	91	54
51	94	79	92	21
88	9	56	92	90
16	12	29	55	13
22	10	43	53	99
76	66	97	85	13
7	63	30	46	65
49	23	9	25	60
29	50	95	40	4
48	51	87	87	60
79	88	47	92	8
7	73	28	9	49
86	58	15	59	45
100	41	76	14	80
86	38	6	98	41
36	34	17	3	27
64	38	28	23	13
82	50	42	25	59
55	19	6	68	33
72	98	68	82	83
17	91	20	54	75
53	55	56	73	92
27	61	77	3	49
5	65	47	88	40
31	67	69	6	48
14	23	41	71	77
44	81	45	83	97
77	15	82	31	88
31	70	71	6	11
43	94	4	17	75
66	91	98	87	93
81	80	65	9	18
11	60	8	65	23
1	58	85	55	84
45	69	75	40	3
70	97	88	32	22
39	53	21	59	40
51	37	5	81	59
72	35	44	28	77
65	60	51	36	81
71	84	55	24	9
78	70	9	30	4
26	33	92	35	97
66	73	77	45	100
26	49	59	85	31
90	47	79	8	7
91	87	28	70	25
8	53	30	75	6
22	71	87	85	44
76	61	21	26	83
78	71	5	78	91
72	56	38	99	20
51	75	28	29	46
100	3	49	100	44
19	79	20	87	91
41	2	25	76	98
20	30	97	73	35
38	12	97	40	29
25	77	93	93	3
52	2	48	41	2
84	100	2	70	26
100	16	72	91	76
45	76	35	64	56
28	93	16	81	83
90	100	22	27	62
98	47	79	5	19
67	11	43	1	94
13	70	65	4	99
24	33	68	57	36
61	68	42	79	50
32	60	28	15	9
62	10	72	32	93
13	90	71	51	45
68	18	9	31	66
58	68	19	79	36
38	43	53	13	44
73	16	59	74	69
39	87	86	35	78
62	78	19	73	53
65	57	2	78	25
24	69	35	57	25
88	81	6	41	76
3	48	1	70	24
17	84	8	86	80
76	73	13	44	15
17	33	52	42	91
43	46	91	69	63
93	71	70	29	73
40	70	91	62	59
97	82	91	68	99
89	37	71	29	67
35	36	71	38	63
1	42	41	28	83
31	35	71	55	33
40	85	10	77	46
45	57	27	95	81
65	70	7	9	41
92	7	51	60	92
7	11	73	99	45
67	62	88	68	92
61	21	14	96	97
37	2	35	55	80
1	10	43	80	73
49	13	88	44	32
42	27	36	33	47
94	41	2	95	42
10	52	45	58	40
84	47	30	62	63
17	23	12	85	33
44	37	33	79	5
24	79	16	8	8
57	10	44	81	20
90	79	100	92	24
95	9	8	86	14
73	4	92	77	91
49	54	35	72	67
29	67	53	86	2
46	44	16	53	3
76	62	28	12	70
11	39	41	27	49
2	75	44	31	93
57	32	65	90	88
36	63	64	50	67
34	93	83	60	48
49	51	14	27	93
13	1	10	69	51
93	16	37	57	27
8	66	79	2	64
49	60	12	85	72
26	72	20	95	86
90	71	63	32	74
17	100	70	55	52
20	70	22	44	38
70	36	93	58	94
97	86	40	14	60
87	19	93	21	78
50	18	11	10	66
42	18	70	74	9
78	22	95	90	5
9	25	11	97	19
25	72	45	32	39
45	33	85	3	70
40	98	55	60	76
93	21	72	44	24
97	81	59	24	39
26	48	6	34	46
70	21	49	78	20
93	51	33	27	65
33	44	34	55	38
53	67	29	46	74
6	26	20	19	44
64	95	61	74	14
78	95	41	2	21
61	15	56	25	44
96	78	71	93	17
43	45	25	47	20
51	100	89	43	72
22	10	15	59	49
68	67	98	64	71
87	85	9	79	14
96	6	37	72	73
88	73	89	89	53
24	10	28	99	76
7	73	63	20	75
95	54	99	61	4
5	71	87	49	62
98	62	31	53	25
15	35	56	65	31
86	87	26	88	95
67	43	98	79	97
77	77	42	14	91
24	58	7	58	44
27	57	58	42	98
3	26	29	16	84
94	87	80	17	80
41	79	9	69	13
81	67	6	79	88
70	17	68	97	41
37	35	84	39	38
8	28	91	19	54
50	91	78	96	17
3	31	86	81	14
21	19	27	13	99
1	62	15	46	98
90	56	91	41	41
64	3	94	19	10
59	85	23	52	15
56	92	19	13	22
47	44	94	42	57
8	81	91	19	76
29	95	44	42	14
25	64	27	22	20
61	63	59	65	98
31	3	44	44	63
26	54	83	82	60
95	75	27	74	20
20	3	47	61	11
11	48	29	29	53
86	26	3	11	85
47	87	34	94	100
61	52	24	82	26
87	87	39	18	66
91	63	44	72	31
32	82	82	61	90
92	30	72	43	89
85	87	55	35	89
93	21	33	4	17
38	90	31	28	90
59	2	72	54	54
13	73	30	100	92
16	21	26	55	70
51	27	54	91	2
65	99	83	29	80
86	34	27	16	21
95	65	56	22	96
5	20	42	77	4
20	29	10	95	75
74	97	87	38	24
53	58	54	6	4
12	69	64	87	17
20	93	67	33	39
26	19	100	29	20
54	53	65	60	58
30	25	30	92	12
8	76	8	81	13
55	37	22	33	80
24	76	30	47	16
41	74	94	50	76
18	54	100	73	19
29	42	9	82	84
32	77	85	54	30
92	20	33	38	28
78	95	17	18	60
27	57	37	95	40
30	92	32	15	72
36	80	74	9	51
53	39	54	54	19
97	85	24	37	87
44	78	31	56	35
64	57	8	63	16
95	28	52	71	28
5	75	48	81	31
92	75	16	68	55
68	25	83	30	82
40	65	34	46	40
13	69	14	41	97
12	21	61	31	42
95	71	39	85	33
65	97	16	70	58
49	26	99	63	99
59	4	90	49	6
50	66	50	70	40
4	21	69	88	73
14	6	18	14	84
13	87	8	24	83
39	54	39	67	37
30	3	69	23	72
91	91	34	29	43
7	97	25	7	66
44	26	51	88	36
46	57	34	76	43
3	18	59	62	17
75	43	6	59	71
58	71	53	46	92
43	5	90	67	65
28	55	75	43	22
31	73	11	96	84
36	89	87	68	14
33	9	57	9	41
39	30	31	28	52
72	89	10	15	16
100	40	75	29	40
36	71	33	67	86
95	35	26	58	22
85	3	83	26	46
66	92	97	93	71
49	59	79	11	17
56	21	75	3	20
53	95	58	61	91
54	4	98	39	11
97	74	9	14	79
53	41	34	67	69
14	12	73	66	77
29	30	38	58	48
78	61	100	91	45
32	55	86	91	25
8	96	27	25	87
35	56	17	37	88
53	62	78	84	17
81	99	84	30	78
74	19	42	58	49
70	84	61	69	98
93	5	30	36	65
92	24	86	4	84
74	58	90	42	95
85	52	99	25	89
99	82	46	41	6
17	46	97	40	68
26	80	96	19	54
55	27	17	58	24
98	92	29	21	69
71	4	39	10	14
76	79	6	45	33
94	49	5	47	19
82	100	44	48	65
56	58	1	82	96
86	26	93	23	15
61	23	94	87	34
85	81	89	1	73
58	7	21	62	77
57	87	19	42	12
94	55	20	33	87
99	14	90	83	29
54	5	100	84	44
57	57	84	97	31
7	50	11	12	37
1	17	15	64	20
32	59	81	17	52
85	53	63	68	78
33	48	48	47	17
22	97	82	32	75
91	92	66	79	34
42	2	81	100	71
98	40	53	92	86
25	22	20	98	45
17	51	62	78	79
47	74	84	5	100
88	49	100	9	59
12	53	94	60	56
91	20	11	59	44
18	41	73	12	28
39	69	19	36	17
15	31	85	22	46
48	39	33	22	42
59	93	81	40	17
96	45	10	72	86
69	35	56	87	9
77	32	56	31	62
91	48	12	58	70
27	14	92	19	44
46	43	26	90	42
57	39	94	38	34
29	97	99	44	85
60	92	3	63	36
47	6	20	76	33
60	63	71	3	20
51	79	68	20	4
57	51	28	87	59
13	64	24	12	9
85	91	57	25	60
100	67	97	7	57
13	75	83	21	77
26	91	74	46	100
49	54	23	82	79
98	93	90	47	50
1	59	46	18	57
77	19	65	55	18
2	35	8	91	72
75	98	98	83	54
66	61	72	48	45
40	27	100	75	84
9	76	70	27	10
78	15	53	32	78
61	78	6	61	75
80	74	77	89	96
95	4	65	19	49
73	40	40	13	82
100	2	39	80	71
41	88	10	32	21
76	84	12	22	90
96	47	92	90	2
26	28	74	59	16
94	65	26	37	17
85	44	32	27	55
58	46	33	75	56
30	44	17	3	73
15	92	71	77	14
81	84	2	65	98
84	37	61	23	18
77	74	86	13	21
83	99	20	82	43
1	58	51	57	4
19	41	34	60	42
84	19	23	34	63
97	38	81	82	4
100	92	100	95	90
4	39	24	67	48
36	38	30	62	47
89	88	79	52	59
2	74	32	66	67
48	79	15	40	90
92	20	44	100	15
77	90	83	50	69
3	3	30	65	54
40	19	41	57	46
38	8	63	89	63
23	65	38	2	80
28	37	100	60	67
44	75	69	88	81
30	33	9	86	44
70	39	5	56	7
57	70	24	14	6
23	87	71	63	31
5	48	40	2	85
52	2	81	59	99
29	75	63	55	28
91	36	35	8	4
35	43	87	93	5
50	77	66	9	57
43	76	78	7	25
1	30	63	66	3
62	12	56	84	75
43	94	22	22	31
65	11	28	94	30
77	65	39	57	2
24	19	10	25	2
29	48	72	4	30
49	23	16	34	70
25	15	94	8	45
61	29	45	86	45
67	79	76	66	50
92	30	22	63	41
65	83	52	30	21
53	97	76	13	98
85	11	25	14	6
55	94	64	74	19
5	73	93	9	58
13	76	44	18	14
4	61	74	87	8
20	54	96	56	41
31	73	11	98	25
47	20	3	68	46
77	27	12	57	84
91	26	28	75	97
43	4	86	39	7
83	15	25	89	63
100	34	60	79	6
79	57	97	45	57
12	87	16	75	7
17	33	75	53	86
75	13	83	91	44
75	34	49	23	96
82	28	8	26	66
46	29	49	33	22
62	35	91	81	9
6	12	62	48	2
41	91	38	93	100
66	37	49	83	70
7	42	91	60	100
29	27	28	51	59
58	70	98	35	54
60	67	45	21	82
18	29	69	79	39
98	11	15	51	39
47	60	81	46	53
88	68	64	19	43
27	96	55	86	1
31	22	75	5	63
54	4	1	27	56
98	51	58	71	31
35	8	48	38	26
46	14	9	55	37
22	90	72	100	60
16	15	25	50	94
99	76	40	45	79
25	36	84	7	70
4	90	49	8	55
4	72	42	30	60
17	10	16	44	65
26	94	49	55	63
54	81	73	19	53
60	35	14	3	2
73	98	18	54	13
46	36	21	56	1
33	57	39	46	2
12	100	13	10	15
88	94	30	9	74
7	56	100	21	81
78	24	9	3	93
16	36	94	17	20
35	44	16	90	35
27	66	69	12	77
62	4	37	69	98
51	76	77	18	19
5	86	1	79	35
8	48	78	56	51
26	29	40	18	82
14	12	99	78	89
61	66	76	79	14
89	59	19	7	26
85	79	53	46	59
60	62	59	70	20
7	62	40	22	62
44	36	11	56	80
60	89	53	93	70
85	11	78	71	86
17	81	1	9	3
12	59	47	79	61
4	24	49	49	39
65	87	22	87	56
69	5	61	20	75
62	6	28	7	61
86	91	54	54	69
24	54	8	53	4
61	71	51	50	48
65	4	65	82	32
31	56	21	96	1
93	4	36	60	36
1	8	82	55	39
14	35	28	97	1
77	27	46	16	99
16	25	58	36	58
47	99	5	98	72
3	38	56	40	96
55	30	59	6	37
68	52	73	43	11
21	100	76	92	97
10	29	18	57	47
30	30	25	53	64
11	78	41	11	41
59	65	89	92	90
88	42	90	27	15
94	41	83	98	89
70	26	59	27	82
62	72	93	34	27
18	84	21	14	47
65	95	13	56	67
68	52	37	86	63
67	94	78	2	27
27	62	24	2	57
72	59	10	11	90
45	55	13	62	25
59	56	31	22	36
23	84	78	83	93
5	74	33	75	33
39	18	45	19	4
53	92	88	45	95
16	37	5	11	24
9	64	82	65	92
41	23	28	15	93
42	30	33	58	62
76	48	51	17	30
11	84	75	91	82
62	58	60	19	51
62	16	66	51	88
93	7	19	78	19
10	16	14	64	99
42	48	18	32	13
46	95	32	42	28
46	91	1	12	71
14	42	69	86	34
36	66	1	23	87
84	70	52	15	67
3	57	23	36	16
3	71	53	39	29
25	51	46	29	12
70	21	16	52	98
82	4	62	58	42
1	92	85	73	10
47	74	71	2	22
21	100	22	73	34
71	39	95	70	7
76	6	73	11	22
61	86	88	86	34
9	26	54	83	55
76	59	43	45	2
25	82	36	42	28
83	80	71	99	83
85	78	49	52	44
46	62	78	1	41
91	18	19	93	51
68	63	43	27	87
62	86	73	77	94
38	32	74	49	29
16	61	78	20	1
42	75	18	29	32
35	41	72	14	57
75	22	71	39	87
12	48	71	81	8
81	50	95	80	29
83	81	51	49	66
70	5	43	18	30
87	32	14	89	93
51	73	6	20	40
2	86	51	73	76
7	81	62	43	36
38	88	30	87	82
72	25	39	77	94
6	23	8	91	77
77	45	20	23	73
99	20	61	20	14
46	97	83	74	1
4	84	84	17	53
73	77	84	15	8
50	25	93	87	77
51	19	14	75	18
65	98	96	24	57
59	75	25	69	10
61	25	15	76	3
65	100	92	94	30
30	37	84	67	55
93	61	91	5	52
21	100	82	58	62
60	28	36	47	60
23	65	77	30	6
7	68	61	56	31
41	8	44	91	85
98	12	10	73	83
28	47	38	67	81
72	34	100	81	41
96	95	30	84	65
97	45	12	9	50
38	33	6	74	25
50	13	11	2	11
78	54	58	19	22
87	54	18	23	83
90	56	60	34	53
9	21	97	93	44
87	80	14	65	82
4	22	42	98	14
31	71	11	86	10
3	83	33	90	21
18	56	77	85	87
74	11	57	91	50
63	44	88	71	96
84	29	56	69	42
83	87	69	48	84
4	84	72	25	12
1	97	46	67	35
50	95	66	80	46
20	91	87	56	32
90	16	7	9	37
100	50	38	40	31
98	21	57	55	25
53	29	85	5	54
34	71	9	79	88
27	62	68	65	62
40	91	12	64	46
71	68	65	48	66
73	57	99	40	25
54	1	79	90	25
82	86	56	19	83
25	7	72	18	37
62	34	84	28	79
69	91	5	78	6
43	58	96	77	22
91	9	77	70	91
61	76	95	89	38
55	26	50	5	39
94	66	44	74	57
25	86	9	7	16
40	93	87	12	69
93	3	57	22	54
86	31	26	88	57
29	21	45	12	52
77	38	86	99	53
61	38	72	26	16
100	30	64	75	96
76	34	28	56	93
38	6	23	2	13
60	24	3	63	2
41	67	55	41	96
69	54	48	55	43
44	76	82	49	9
81	90	32	28	74
79	34	84	83	82
94	53	3	97	28
22	27	75	23	11
22	34	100	55	19
59	41	23	27	70
35	97	77	14	75
20	36	29	35	65
17	55	97	41	84
5	39	61	42	53
66	12	50	94	99
72	82	33	59	10
67	43	51	35	1
20	78	36	70	47
43	48	2	62	14
1	12	11	40	100
70	50	63	100	62
99	70	89	41	18
6	8	84	44	37
6	79	89	81	89
16	91	14	99	36
54	62	84	22	73
66	19	28	82	88
70	10	35	13	9
57	3	36	26	4
85	27	2	97	36
61	54	86	82	23
13	39	23	10	25
27	42	46	25	7
32	12	58	61	81
72	23	61	100	70
54	94	53	14	87
65	82	47	78	79
85	92	60	14	56
63	89	75	13	97
40	69	33	90	2
95	81	63	40	46
27	31	6	59	56
53	60	74	36	75
76	59	57	54	42
98	42	91	92	94
48	39	11	55	98
17	92	53	52	8
83	10	92	47	100
36	84	43	28	30
60	70	6	89	94
96	31	85	7	64
71	79	25	14	55
15	52	33	53	89
96	93	35	18	95
30	69	77	26	39
48	26	44	70	47
47	90	56	38	96
58	61	6	30	88
30	30	37	22	30
84	7	68	68	3
43	65	18	6	3
83	18	87	49	32
66	47	24	90	38
70	19	77	80	38
60	12	40	26	39
18	24	16	4	16
82	65	35	38	79
63	14	33	81	31
88	5	76	22	53
81	10	42	83	75
17	3	91	48	20
22	87	53	15	53
34	79	16	76	85
14	6	41	82	23
5	39	65	91	5
11	66	63	47	40
36	92	41	13	28
32	33	95	26	76
21	49	16	75	84
96	65	96	86	80
54	60	89	56	21
44	14	34	78	94
23	92	79	17	4
95	16	13	25	53
6	16	42	63	41
98	91	44	41	51
97	61	99	38	34
4	46	46	11	87
29	59	85	28	38
72	32	56	5	70
48	73	51	91	92
99	33	61	82	22
18	28	38	19	49
93	45	17	6	99
92	13	4	77	68
91	22	37	51	8
79	50	62	3	28
59	77	26	30	69
64	22	35	38	22
72	40	93	83	7
87	31	53	11	30
59	85	14	4	83
79	87	50	27	44
2	70	61	96	35
40	37	55	65	65
73	10	76	83	19
7	48	15	51	85
80	49	31	49	100
52	56	84	29	77
38	81	79	31	53
60	26	25	36	34
34	42	7	87	63
83	80	74	9	42
86	65	96	80	59
86	59	55	17	82
30	89	43	16	77
93	30	12	17	25
78	12	2	81	23
67	91	22	61	1
11	31	27	76	46
64	24	68	19	49
42	79	47	70	68
97	37	53	96	84
94	30	2	36	60
4	47	77	19	72
58	89	88	11	37
74	93	64	38	19
76	22	18	57	23
58	46	98	17	32
14	66	25	18	18
24	57	41	93	69
54	43	78	23	60
60	98	5	40	32
93	87	78	12	50
63	47	47	36	23
93	52	56	100	99
75	46	79	72	13
44	66	56	77	25
30	56	7	19	99
49	51	57	54	16
97	93	13	39	42
4	10	27	37	68
82	57	9	60	3
39	48	18	51	12
27	41	1	88	89
12	40	42	27	89
29	58	65	37	15
28	30	65	65	85
82	45	22	63	42
83	27	9	23	96
7	56	86	74	41
76	14	60	78	97
94	100	37	65	45
29	19	57	81	49
89	42	44	38	9
16	72	74	7	96
41	96	47	15	4
81	35	56	8	99
4	58	14	37	23
53	37	15	4	19
94	92	89	73	66
28	65	26	54	72
32	21	89	99	12
23	61	12	56	33
2	83	38	14	100
89	29	26	61	61
43	78	68	22	54
63	50	20	5	85
52	81	64	52	80
49	58	41	58	34
53	66	38	46	47
47	77	74	6	31
8	72	73	94	37
83	85	16	37	69
89	24	27	49	40
26	87	76	94	32
79	34	82	20	88
4	35	93	28	65
22	35	99	84	94
91	44	83	40	58
84	65	37	16	22
17	34	60	3	32
72	82	52	12	76
31	20	46	36	85
35	64	39	17	90
27	9	93	68	33
49	25	94	63	75
90	36	68	69	47
95	47	41	31	77
23	86	3	20	89
79	31	99	61	46
22	47	22	5	82
83	93	96	47	24
2	93	100	70	77
100	35	55	65	67
18	93	97	5	26
42	27	93	97	92
81	22	50	56	98
20	26	79	2	25
21	80	19	10	76
53	12	53	26	4
81	51	83	27	27
46	77	4	44	88
14	38	28	7	1
69	65	36	69	22
99	89	40	42	1
79	25	46	82	49
52	34	35	24	21
47	97	16	19	19
76	65	86	82	45
49	2	77	84	92
91	76	60	47	100
98	21	75	68	41
16	86	56	50	45
56	3	96	9	32
48	96	88	81	14
70	68	63	45	26
75	89	91	15	56
66	85	57	18	81
63	66	4	61	73
50	49	40	37	31
75	5	14	17	31
5	63	57	13	61
16	2	71	3	63
91	25	78	43	3
25	84	31	18	45
32	29	89	23	92
57	81	70	11	54
45	39	7	59	60
34	50	43	58	36
32	94	42	33	9
99	4	85	68	11
63	16	76	36	21
8	48	15	88	51
41	82	57	81	8
85	71	73	19	76
73	11	88	38	15
64	53	11	83	1
58	85	79	17	82
67	30	10	2	50
29	18	28	97	23
42	62	24	53	24
33	12	16	98	26
41	57	71	4	77
12	95	96	26	33
91	87	29	2	27
2	50	84	79	66
57	92	94	85	90
59	6	34	78	52
68	91	48	10	94
78	63	87	39	65
4	96	88	45	54
96	51	65	32	92
94	73	54	97	50
61	31	98	91	26
24	61	31	69	1
62	85	80	39	20
53	98	34	7	99
74	41	41	62	25
4	2	55	40	88
99	20	41	69	40
94	12	35	96	4
82	29	87	15	49
63	33	20	84	91
28	45	18	46	46
72	32	4	15	34
56	87	28	96	33
7	76	71	3	42
13	79	54	90	99
73	6	46	21	73
13	44	56	65	12
86	98	34	48	81
72	85	39	12	95
68	49	45	1	97
32	20	15	100	69
45	35	81	86	46
68	86	30	45	33
71	95	78	50	4
97	19	3	8	92
24	22	22	7	66
89	86	66	15	83
32	26	39	88	96
62	82	50	18	49
23	92	13	39	6
16	86	11	7	68
42	4	49	42	60
49	29	46	11	69
6	86	99	64	23
4	62	90	5	90
97	77	79	26	84
89	29	10	35	28
55	53	96	77	20
9	2	96	87	91
9	53	67	6	51
30	62	73	59	39
29	44	88	49	19
84	50	21	75	84
14	95	63	51	40
36	47	21	89	42
71	87	15	40	35
100	28	39	36	5
83	56	28	89	17
7	48	73	23	76
19	63	59	84	80
87	80	71	43	9
32	90	59	19	32
94	57	12	27	45
40	23	41	52	13
75	52	100	78	5
96	46	16	28	8
67	71	68	37	53
74	84	67	17	96
9	64	44	66	60
67	24	41	30	13
53	56	33	56	4
13	12	87	17	45
58	95	95	43	68
19	56	7	25	83
42	25	60	48	27
78	57	44	5	18
15	7	24	1	60
87	44	29	89	36
4	69	25	18	100
18	2	49	1	46
65	89	72	5	24
10	36	2	43	54
100	75	93	30	4
93	77	12	61	53
22	60	70	78	56
83	85	27	62	68
7	84	16	60	62
22	34	42	20	7
73	13	73	56	43
19	63	4	40	51
93	69	96	67	50
26	70	54	36	1
10	92	33	6	95
91	91	2	47	90
76	89	15	77	6
34	56	80	59	12
6	61	89	9	69
64	70	38	22	3
37	99	96	7	78
47	100	90	76	89
92	54	22	42	95
5	67	95	68	53
25	58	2	11	88
21	72	73	14	85
36	21	96	20	51
71	60	100	67	82
64	78	57	13	58
40	13	27	76	61
55	36	67	47	31
79	83	96	36	29
59	8	98	98	54
79	85	11	42	96
67	64	73	29	44
1	47	20	17	45
25	38	54	7	51
75	16	19	66	37
66	7	55	5	47
33	76	30	83	83
17	86	4	60	88
94	67	70	54	2
14	1	71	7	43
38	95	98	59	35
81	87	3	23	32
72	75	73	33	22
59	65	1	71	23
6	25	38	50	21
64	60	6	2	28
65	35	21	54	26
50	19	39	64	28
52	92	5	50	66
71	6	97	25	60
92	42	100	68	37
25	53	79	85	84
67	60	36	33	93
73	29	100	15	35
99	85	11	45	51
76	68	73	83	11
24	51	62	22	53
20	7	50	8	80
56	70	44	83	98
26	38	77	71	99
47	51	30	15	89
74	84	2	51	62
73	51	81	90	68
54	48	31	34	86
55	12	21	99	70
12	18	92	79	11
31	89	81	85	42
11	61	99	75	15
52	100	40	55	22
49	69	48	82	27
84	29	18	63	78
64	81	33	56	27
40	80	44	86	60
2	61	39	24	63
64	73	25	84	65
70	39	27	42	57
16	90	83	58	88
77	63	26	10	77
90	88	22	32	44
20	96	99	5	96
15	47	33	24	9
43	18	59	99	35
76	58	32	64	4
94	57	59	14	3
13	26	72	95	16
65	5	57	7	73
55	28	77	51	81
46	69	92	17	62
60	26	79	82	79
14	35	66	52	80
96	98	18	98	49
19	63	48	22	35
86	74	22	10	1
89	68	87	81	3
1	37	84	89	50
35	87	78	77	69
53	53	23	74	26
54	35	35	28	46
38	26	66	39	25
64	61	68	62	74
48	35	56	58	83
70	33	58	61	2
1	31	34	48	51
88	58	51	13	59
65	33	49	13	46
62	62	97	1	24
96	49	29	32	94
99	14	21	67	100
43	83	45	32	99
28	63	36	92	68
78	75	91	87	20
76	15	73	76	78
94	55	3	96	45
90	95	72	83	57
50	36	75	62	29
16	61	84	42	47
70	74	41	16	77
62	68	89	52	25
92	49	27	60	83
70	47	36	83	60
46	75	80	59	13
24	20	22	25	76
26	86	69	29	41
39	43	39	21	67
22	63	44	96	43
38	2	40	13	1
30	14	25	87	65
32	41	8	19	48
2	22	65	23	68
45	49	79	31	91
33	2	32	56	81
32	76	95	45	50
52	34	97	66	46
43	94	77	95	77
77	82	42	11	79
62	19	9	33	22
98	2	88	10	72
19	13	11	86	100
90	79	45	83	1
27	63	65	83	34
80	24	32	40	77
48	32	10	76	73
18	95	15	70	36
41	13	76	45	86
60	25	95	60	12
9	100	80	95	2
6	13	85	83	19
49	10	8	11	70
65	94	53	9	69
43	56	15	10	37
51	100	28	85	66
11	88	44	83	15
7	1	79	73	32
48	26	38	37	56
11	81	58	3	67
35	34	56	70	71
1	34	29	64	76
96	92	41	30	93
59	34	40	53	24
73	40	55	36	4
54	89	60	78	33
97	88	68	76	48
72	9	30	30	19
45	37	71	73	44
33	63	78	73	66
99	100	37	22	90
88	42	8	60	70
17	3	85	9	24
83	4	79	83	31
4	61	12	29	52
99	56	64	7	35
25	75	76	96	29
47	1	70	6	80
64	67	23	65	88
20	14	20	8	13
19	100	62	80	64
66	67	82	95	15
80	81	67	79	58
52	40	83	69	54
32	1	12	98	33
50	91	90	74	60
90	93	7	2	83
57	26	41	88	67
72	23	85	94	58
42	92	50	38	75
51	3	57	61	96
1	46	76	47	31
31	29	46	100	41
86	7	80	60	40
91	20	52	18	89
8	63	67	91	61
43	19	77	89	60
70	64	50	49	86
25	75	43	77	50
90	47	68	57	90
47	97	59	47	15
24	17	92	49	64
1	20	2	100	4
70	2	23	80	68
25	93	58	19	36
89	82	24	24	76
77	35	72	18	27
2	7	18	12	6
17	83	30	56	82
5	96	46	7	2
23	52	23	99	94
16	92	4	95	31
1	95	88	80	55
63	93	25	53	29
48	30	91	85	13
70	1	55	50	44
55	56	17	52	94
56	17	31	28	4
24	10	79	56	85
67	75	100	92	91
27	92	58	61	22
79	40	26	76	59
97	65	67	48	61
16	76	19	20	56
79	18	36	30	97
11	55	40	92	61
24	10	47	14	55
48	72	14	18	23
71	9	74	89	5
3	16	15	16	100
36	5	81	33	47
15	69	76	69	62
23	60	83	90	97
87	96	45	44	73
79	45	2	18	22
77	61	35	81	67
62	23	7	31	16
34	40	17	89	100
14	58	83	69	80
65	65	5	4	26
22	52	68	90	32
75	12	70	60	97
93	84	82	93	37
26	27	63	91	5
11	76	2	97	42
20	70	88	34	77
65	3	25	29	78
36	75	54	100	31
72	48	20	61	64
36	57	7	28	55
32	41	86	44	91
21	97	60	94	73
58	22	80	25	2
76	31	32	64	52
89	29	46	83	86
22	96	44	75	86
41	31	43	44	52
91	14	98	17	54
80	25	8	47	44
35	85	66	38	78
19	78	2	89	6
41	4	26	87	46
80	13	7	14	53
82	98	73	95	10
11	68	45	7	84
23	40	43	23	13
96	5	59	31	22
83	70	70	1	31
32	69	70	56	76
36	11	31	96	64
59	97	67	28	80
55	2	74	75	80
19	38	58	30	59
67	54	57	73	68
12	24	19	78	23
80	49	35	16	54
54	20	45	76	31
83	72	74	15	54
17	85	65	24	1
41	68	53	69	74
87	40	88	61	1
66	6	6	67	15
27	10	99	77	32
87	60	23	63	85
35	98	59	76	72
39	68	47	78	24
45	19	20	92	59
62	56	75	70	82
3	38	31	29	90
50	4	24	25	2
2	16	91	61	67
72	55	66	86	47
39	51	9	63	17
62	29	40	59	89
93	32	14	71	44
40	5	20	13	34
81	62	37	54	19
6	35	44	59	68
70	72	32	79	50
45	66	29	86	55
39	17	24	39	88
3	40	49	80	99
4	89	96	83	21
54	98	54	41	58
32	52	44	63	80
98	16	44	26	8
47	75	38	91	53
59	25	22	54	86
58	11	51	41	29
2	56	96	88	17
94	51	5	37	63
4	36	43	99	64
24	6	33	51	24
63	88	72	60	38
9	3	52	72	63
13	92	95	40	4
76	71	36	73	90
14	12	51	59	4
92	73	74	38	8
6	53	18	22	45
99	24	10	33	83
2	63	95	1	14
52	7	87	83	96
75	65	56	24	85
9	50	8	90	77
11	85	13	79	4
42	99	25	35	43
24	40	9	74	93
90	46	56	66	56
29	69	57	78	75
85	56	89	20	80
43	81	97	80	92
86	20	16	70	1
97	71	57	59	32
95	67	74	53	18
10	92	38	63	3
44	7	76	61	100
45	25	59	38	38
61	97	53	11	100
70	80	3	77	2
13	80	23	66	97
31	66	25	19	86
84	4	57	30	32
46	9	34	21	88
89	25	38	17	79
76	91	29	72	70
5	44	9	23	91
17	81	25	7	26
32	81	47	32	13
14	81	21	44	94
52	24	86	47	2
43	53	85	85	59
52	5	57	35	49
7	47	100	24	56
45	35	45	28	83
7	60	76	96	16
93	42	46	29	61
46	42	7	9	84
13	18	70	46	93
34	37	62	71	94
93	46	68	90	75
4	95	93	75	97
51	23	14	36	72
70	38	42	21	33
98	94	45	77	12
7	97	97	59	89
38	79	18	89	35
2	75	9	31	37
19	87	64	18	73
88	79	37	78	68
31	56	51	63	23
17	94	56	59	27
38	29	18	95	63
98	44	28	26	17
47	32	33	41	10
88	40	89	60	94
54	86	52	71	37
28	88	13	21	14
5	85	87	100	89
18	11	19	2	71
54	46	72	83	61
29	33	43	17	18
4	1	55	17	95
23	13	86	78	72
67	65	99	47	72
15	82	96	10	76
17	1	96	96	83
20	69	10	86	5
20	74	39	11	29
6	54	96	17	21
67	34	54	88	81
26	85	65	86	10
56	16	13	68	22
7	38	88	69	97
80	9	92	78	32
7	91	74	11	38
69	69	55	87	29
57	33	41	87	99
65	54	39	52	54
9	56	45	49	38
17	86	15	89	27
84	67	54	96	49
28	47	47	30	74
75	78	49	3	52
38	28	51	21	67
93	13	1	10	6
28	66	18	46	23
78	84	73	89	20
30	26	89	37	52
10	31	56	77	17
28	97	28	56	71
79	98	18	65	82
78	90	96	62	24
26	84	43	26	88
27	100	54	90	13
54	62	2	53	91
96	8	40	84	32
4	58	24	41	87
39	83	69	89	30
87	38	74	99	76
44	42	94	51	62
18	53	27	17	36
92	30	5	64	21
70	74	70	49	60
23	68	51	23	63
96	33	31	42	53
96	78	9	36	21
69	99	39	1	73
53	74	43	27	67
18	72	59	55	97
29	91	30	99	90
90	51	27	95	83
11	20	41	86	55
20	28	90	54	47
30	78	9	23	90
66	43	59	4	34
52	27	86	1	43
48	14	40	70	46
95	49	36	21	72
1	60	28	94	54
17	99	6	66	92
9	5	29	19	89
59	24	11	26	5
6	23	10	51	97
46	37	13	34	8
33	42	56	90	38
44	75	22	82	37
33	29	62	10	1
76	48	28	85	60
53	53	27	65	19